-98 -79 34 72 96 48 -30 88 -16 -94 40 -1 -74 -61 -10 -63 4 4 54 -58 -72 -31 76 28 69 89 89 -64 -93 -96 43 -94 -31 -37 20 -53 -2 1 48 15 23 20 -39 84 40 -63 3 27 -8 40 
-81 -60 55 -52 -7 -99 -93 -89 12 -35 27 -81 81 20 -5 23 90 3 -55 98 -91 -14 77 90 -39 69 -2 18 -11 -53 8 86 -79 -8 8 51 95 99 -26 44 -48 -33 -18 -33 97 35 80 -59 -84 -77 
57 17 -84 20 -93 89 -21 -62 -85 26 44 -7 -75 87 -98 76 18 -34 41 -56 52 74 75 -49 32 99 8 62 10 -65 99 -81 24 41 91 16 53 -12 85 -26 -92 15 -83 4 -59 -5 -86 71 -56 29 
-69 -12 -83 32 26 -18 -57 12 -78 -83 91 -36 65 32 13 32 73 -96 -28 99 81 -90 15 -11 -19 52 -77 83 -20 -17 -33 -65 54 -63 -2 -6 -70 59 -79 18 68 -71 -74 -94 -43 -23 53 92 -77 -68 
-23 -5 75 0 7 -76 13 -64 79 30 -20 -65 -85 -64 69 -23 -73 -22 -73 26 -84 -76 -89 54 36 -49 2 45 21 68 -96 -59 -15 -75 28 7 -75 -63 -64 -50 0 47 -8 87 30 -98 -73 -29 9 -5 
-74 -20 90 91 -60 -60 35 -57 -34 -35 -32 89 37 -27 -12 -33 -84 -50 96 -56 84 -65 -25 -15 40 75 76 -82 -72 82 62 37 -5 80 -95 90 89 -53 32 41 4 -96 -93 41 91 72 -67 -31 -12 -95 
-94 -86 44 -63 -54 45 34 1 -27 -9 79 -11 79 70 -70 -69 99 90 -77 36 -8 -43 31 97 -60 -66 -38 -37 -39 -3 -93 -24 58 58 -49 87 20 -39 98 -37 54 6 62 -63 -74 53 -48 97 25 16 
2 99 10 17 6 57 -1 -31 -82 -76 89 9 -33 59 77 -55 -79 67 -41 55 -38 3 35 79 78 3 22 78 -47 79 -3 34 -47 -30 31 -19 65 29 93 -75 95 -45 26 -82 -47 -34 10 35 87 12 
-7 73 66 96 7 28 59 -76 -87 31 -35 -73 28 -24 83 19 75 -78 -22 -21 63 87 -70 65 35 23 35 33 -7 8 67 78 -37 23 -87 98 -27 41 -76 -28 35 98 33 -39 66 2 -15 -60 -19 43 
-79 60 89 99 62 65 -46 36 -64 -10 -1 -6 -96 4 8 57 -12 50 -47 -73 53 -42 24 51 8 78 -79 -44 -10 3 52 10 -30 -88 52 46 49 -42 -95 16 -77 -95 -60 22 92 -3 90 -17 53 14 
78 98 -10 22 -28 62 25 -10 14 -73 -21 55 -77 -67 58 -52 77 60 39 20 -97 4 99 -68 51 68 -63 -79 69 -14 -52 -55 66 -53 3 11 37 10 28 9 -86 55 51 51 -38 -1 -30 14 91 81 
15 -64 -19 43 -94 -21 -25 -87 45 -96 55 -69 41 76 -63 48 -87 -65 -74 33 82 79 42 41 9 86 -42 -2 8 -45 -59 2 -56 22 70 56 84 -62 -59 55 -7 -61 -58 -26 33 -52 -50 34 -21 -2 
-15 -50 -4 90 92 95 31 -32 44 -55 97 -82 -6 25 93 -11 -38 -17 -54 24 40 -74 -92 34 3 41 -30 60 -85 -11 -75 -21 51 89 63 -82 -24 -45 49 42 -1 -4 -69 69 -9 24 -8 18 -37 10 
-96 73 -55 75 49 -24 -26 -46 -83 86 5 56 82 -31 34 -74 96 -77 -82 78 94 -33 -71 81 88 39 -22 6 -5 44 95 94 -66 11 -48 83 -63 -26 41 -12 -2 -65 87 -8 97 98 -45 94 -32 25 
-12 62 -30 94 -24 96 -48 -80 -97 46 69 -27 70 -41 88 -2 -91 11 -70 -38 -56 97 -84 3 -55 57 -6 69 73 -23 19 69 -88 -3 68 -77 -64 -89 -21 63 10 51 -41 18 -30 41 82 -53 73 51 
-57 -33 -59 91 -71 -88 -87 -82 -12 33 -21 46 -6 77 88 49 -3 -27 -61 -66 -62 -93 -21 -75 -19 -43 37 -22 -49 -97 23 -55 20 -79 85 7 -61 41 -27 41 -80 70 65 21 89 -71 -85 5 55 -48 
70 31 84 -15 20 -92 -30 -58 -9 65 -51 -41 98 60 -56 63 -20 97 -93 -10 -30 -77 86 -73 -89 77 34 23 41 -90 -8 -25 68 -99 -38 -36 35 88 14 -71 -79 -75 62 35 7 -36 -10 45 79 91 
-61 -24 17 -78 -14 69 81 -19 -28 64 93 85 44 -60 87 14 -29 -82 32 -49 -90 97 38 93 -37 -21 59 74 -87 82 98 -99 -12 -65 94 -32 45 -67 87 -59 5 32 54 33 -60 17 16 41 -66 34 
-99 0 -55 -46 -30 89 -55 -21 86 -43 11 -36 -21 -37 -89 -40 -31 40 76 -90 -30 98 99 76 -44 -20 66 -44 17 15 28 -78 -85 -58 -24 -10 82 63 59 14 67 56 -1 95 81 55 -87 95 -83 -76 
6 10 -61 -26 64 37 46 64 -34 59 5 53 -57 3 51 48 1 -46 -48 -88 20 -55 32 5 -35 79 66 67 -78 98 -13 14 -37 53 29 62 -28 -20 -65 39 -42 -10 68 -15 99 12 92 46 94 -42 
-52 -76 97 54 -90 22 -30 10 33 26 -59 14 -4 64 -37 -53 75 -42 -6 -97 66 91 -69 57 -26 -8 -94 -35 56 -73 -66 16 17 -66 -76 74 -4 78 -72 98 -45 -56 -88 -9 -25 -15 41 -88 -76 25 
87 -73 88 -27 -51 -16 -90 -95 10 -65 42 -63 -63 -6 36 -36 44 21 -75 14 35 -59 82 -86 24 -61 27 -9 -83 -4 97 96 -20 83 3 70 -93 -75 50 -29 -70 -85 36 -82 -51 91 -52 25 46 77 
47 -93 53 -13 -16 -27 -17 -17 -65 28 -48 49 -89 78 47 -65 99 23 99 -25 86 64 -3 -31 -53 8 -19 -43 94 3 10 -32 82 -31 -5 29 -71 -55 -63 -93 72 -14 47 45 4 89 -61 28 -34 -47 
42 30 28 77 -17 -55 27 -30 -19 90 76 40 -46 -2 53 3 81 60 81 -47 27 -58 80 45 -98 -46 7 10 49 26 -34 -78 28 -9 -9 -10 60 -84 -45 -14 -4 -29 13 -18 -53 18 -70 58 28 26 
83 -44 85 -7 -15 -84 19 14 -23 94 6 -5 10 90 -80 10 -60 6 -48 55 -86 86 31 -14 65 -16 -24 -34 -45 97 -93 80 25 -63 -52 2 -49 -25 -55 38 21 -62 17 75 93 48 65 -27 -57 -93 
73 61 -28 -62 -49 84 45 -7 53 -27 -59 -68 70 86 -79 73 86 28 -91 -85 32 53 14 -51 -71 79 72 15 -49 -51 31 89 61 -15 -5 54 47 -45 -57 -80 18 -82 -35 -11 -9 -31 85 -63 47 3 
-6 27 39 -61 -3 -24 -24 44 -77 -37 69 -65 -62 -10 53 73 73 7 41 -45 13 67 -12 -36 54 20 12 59 33 -12 41 38 -90 39 -20 32 -28 -60 -3 -93 73 91 44 -35 38 -71 -80 -61 -53 -78 
-9 12 -52 39 -35 83 35 -19 -46 11 83 -79 -67 -86 -66 98 -6 -10 -74 -59 35 -3 -30 69 -57 74 6 -46 -69 -76 69 -78 -82 -58 30 37 74 -54 44 -63 70 -78 88 -96 48 -70 -57 68 -56 -34 
-78 -46 -28 -44 -99 3 -6 -56 -36 36 -79 -87 78 88 -20 -12 -99 -53 -76 16 58 -38 -34 16 -23 -47 57 -21 62 92 8 15 85 -22 -24 -10 8 -16 69 -27 -74 -32 -86 -54 -52 80 54 -33 -65 -63 
79 65 -88 19 17 -65 63 -24 43 -1 -51 -14 -72 -36 -39 45 -33 91 -97 -8 -24 59 83 78 -20 30 -8 -60 -62 -63 -43 16 -11 -21 -30 -72 62 -77 -5 56 71 -36 80 9 96 -81 -30 96 4 78 
-8 -82 -8 -52 46 -36 -29 83 14 84 41 -63 -86 2 86 -64 -35 3 -63 50 48 47 50 -20 -38 96 -2 54 83 -36 68 -86 -7 -84 4 -49 1 21 73 24 -2 81 25 74 87 38 62 71 67 -56 
-52 52 12 -7 -66 -38 -20 -43 46 -2 30 -31 49 33 -69 87 -86 8 -26 -91 -11 76 87 -71 47 -50 -1 90 -56 -91 30 94 95 -34 9 -20 -53 47 47 81 -83 50 -41 -97 -21 -52 7 85 93 -63 
-30 -10 36 -68 77 50 -82 -71 61 56 -60 26 78 27 96 31 72 -70 -38 48 -33 46 -57 99 -90 13 -97 -1 8 79 80 80 -73 -58 -52 -85 15 -90 36 8 76 -64 -47 -69 -80 32 -59 -53 2 35 
49 58 -43 31 38 -37 66 91 -14 -65 53 97 -34 -98 -86 52 81 27 -81 91 -15 -99 8 -48 -11 -91 -93 -52 -87 74 93 -21 0 2 67 14 -64 -35 -14 17 83 90 -71 -42 39 61 -98 81 99 2 
88 -24 95 -96 47 -50 -99 -42 12 -4 -90 -88 23 26 -46 59 -4 43 -28 8 32 -7 11 19 67 11 71 -92 35 34 -5 -38 -88 49 -56 76 -14 -19 47 78 15 -65 63 56 46 68 -94 41 -92 -31 
6 -5 25 27 83 24 -78 26 -97 72 43 -90 62 -89 -4 -70 -54 31 -94 -4 76 -39 1 98 59 -84 57 86 50 -21 -22 98 -52 -66 -40 -57 45 -33 -19 -79 99 70 -54 -18 -21 88 -23 -9 -35 -38 
84 -86 -10 -93 -9 21 -7 2 65 -78 51 -6 88 10 -78 -16 -79 -36 32 47 -8 1 -86 96 -93 -87 16 -92 -96 -18 23 13 -22 -59 27 -6 -21 67 62 22 -95 -1 -35 -17 69 -26 -25 44 -55 -16 
22 75 87 4 -49 78 -31 -20 76 34 72 -65 -83 -42 -63 68 -89 -13 -3 22 89 36 -54 -49 49 58 -59 62 50 -45 99 93 -90 -14 -85 51 -97 -24 -60 -18 -48 13 15 49 90 -57 -2 76 -17 28 
80 88 66 29 95 42 -49 -93 -32 -91 -31 89 -59 -35 11 30 -5 90 40 -62 -58 -34 23 -55 24 73 28 76 35 -6 -96 22 -79 -1 -94 -52 -67 -14 -63 55 38 -8 -7 -37 79 -25 60 -67 -13 21 
55 23 -3 -86 3 -32 -96 58 10 -41 -15 72 -66 57 -21 -61 -90 84 -85 -60 18 74 -65 84 -69 80 -30 -94 58 93 16 -54 -4 -50 52 -10 -37 33 35 -60 0 82 -79 0 38 -66 -4 99 -78 -23 
-72 -96 50 -10 57 -5 -85 -51 -34 28 32 -44 71 -38 -16 71 53 -59 69 -35 -12 74 58 87 -95 -14 -31 53 30 68 -17 56 32 69 -40 -30 85 -43 63 33 7 -88 79 -13 72 6 74 6 65 -35 
-54 86 97 73 35 32 -35 97 64 -50 -79 -69 -66 -59 96 -69 4 52 88 -55 77 -13 -29 -47 -19 80 -9 42 -1 -39 -20 -69 -75 -74 54 -32 -68 7 67 -37 -39 48 89 -20 66 5 -65 48 -78 51 
-42 -24 82 -40 39 97 -16 11 -45 66 -96 -22 73 -38 -5 -35 17 -11 11 -81 -23 -7 -88 93 -41 66 -94 -20 31 -43 69 15 21 91 -10 84 -61 -26 9 -93 -27 -19 24 -18 50 -46 -66 -9 89 48 
-28 -49 85 -96 47 44 -49 -91 17 -99 57 -40 -99 93 12 -25 60 42 -66 -85 -3 10 8 -11 92 11 17 99 76 -69 43 -21 -21 28 15 -27 -6 48 -73 41 -59 30 38 56 48 90 62 55 93 -25 
-59 -60 19 38 72 -94 -98 44 -89 43 83 75 64 -46 -99 -18 -99 70 -39 -84 -98 3 -48 -88 60 83 -20 -93 1 -12 9 -7 -84 5 34 -16 -1 -16 9 -81 95 92 -40 -5 69 92 96 -25 13 47 
-89 -55 27 -15 25 93 88 78 -16 -33 -41 -42 -86 1 99 -14 -52 -53 45 -87 26 -55 -72 -83 6 -82 48 -47 -90 -99 -37 -8 -91 9 98 6 -69 59 53 28 74 59 74 52 -74 -49 97 -34 3 -82 
-22 40 55 -59 62 -55 57 22 89 -32 54 -59 -85 41 -26 -15 -39 -43 -43 73 73 -2 57 -72 61 -8 -68 11 21 18 16 -51 -92 96 73 -15 21 30 -68 20 -23 11 33 79 -19 -42 78 -30 49 -98 
48 -72 75 -53 -55 -5 62 69 -97 -17 -13 -29 15 40 25 64 -73 -28 -60 -46 -71 -48 36 2 31 55 -86 -49 87 10 22 -35 -55 86 -73 -64 46 -33 -76 -8 11 8 -37 60 0 93 -49 -67 74 58 
23 79 31 57 56 22 61 -94 -72 -84 -41 -36 -28 -55 68 -48 22 57 52 23 71 95 24 -93 28 19 -78 0 57 -41 0 -72 48 33 -95 78 -84 93 81 86 -20 -54 70 -54 57 63 -91 -68 -56 45 
-1 -58 -68 22 71 89 95 46 79 22 31 -35 32 -7 -46 62 -32 -19 47 -45 -15 32 11 68 79 86 96 8 -46 93 1 -10 -88 -58 91 -31 84 99 -36 -19 -75 -90 42 38 -3 -62 11 62 37 -32 
