-98 94 82 -19 -10 5 -39 -47 48 -81 -37 95 -41 -68 -20 31 69 2 -22 -71 44 31 -41 42 -99 -16 71 5 24 -36 61 -47 -84 -47 73 80 71 50 50 -58 -26 24 16 -66 -90 -77 76 50 -62 -47 
-34 44 7 93 -78 67 9 -69 30 -48 46 17 -22 -43 -2 -75 37 -15 -45 83 8 -90 22 -92 55 -24 10 8 37 -7 43 61 -82 54 35 -74 -52 -45 -26 67 -95 -94 -87 64 -21 66 -2 -27 62 39 
-50 -76 58 -16 75 -25 18 -69 8 -73 53 43 14 -90 -24 -92 -14 -76 98 -82 34 19 74 68 26 -43 20 14 -26 70 -78 -12 -6 -95 14 -61 -47 -42 -31 5 -11 24 5 -25 -55 -86 84 -42 93 -68 
37 -5 91 -8 -37 56 -82 81 -3 -44 42 68 -12 -9 7 51 -11 74 -17 17 55 -67 -4 -43 -33 -21 71 56 23 91 96 44 92 -50 67 -49 -7 77 70 46 -25 27 5 -58 5 84 63 -34 35 -33 
39 54 77 9 36 65 -94 33 59 -53 64 -40 27 -10 95 33 -34 36 -21 22 -61 18 17 41 93 53 69 -91 -18 84 -69 -38 76 96 -62 9 81 47 72 46 24 -40 98 -73 -42 58 -72 -59 83 72 
-74 -20 -64 -54 76 56 98 6 -75 -3 26 -76 19 -43 35 40 72 -93 80 66 94 -55 97 -68 -97 19 -79 -39 43 26 24 35 -43 83 56 -73 62 67 -87 5 39 72 -91 -10 45 52 88 42 49 -54 
-33 -36 -90 10 -66 -74 -11 -62 33 -33 -72 84 -31 -47 64 -10 70 58 25 64 29 45 82 34 -87 28 99 45 57 -89 55 -98 -20 -31 55 10 -35 -54 25 -88 -80 71 -40 -9 -19 64 59 -90 -39 -76 
98 -33 -70 96 8 27 65 -99 9 19 -76 6 -88 -69 -32 -39 67 73 -90 86 22 -88 72 75 46 61 80 -9 36 -71 -2 95 97 19 -3 -20 -33 13 61 -56 -60 6 -61 -83 36 62 -4 -73 9 -31 
-84 -52 -65 -46 99 -27 95 49 -24 -30 -37 -94 -76 21 39 8 61 89 33 -81 53 -8 38 -39 -54 -7 -22 66 54 92 -69 12 -49 25 4 97 2 35 48 73 -79 -49 97 53 59 -23 -10 -98 -89 -79 
-1 35 -21 -91 -10 97 -41 -16 85 -95 37 14 54 51 69 -33 -64 -82 -70 85 31 49 23 16 88 -8 -96 19 -85 36 27 15 -36 95 -47 92 62 -92 33 62 22 -45 5 85 -59 -10 44 -61 -59 83 
-45 24 -54 -24 41 29 76 -41 5 -6 -46 65 25 8 75 -56 -41 -84 -60 9 14 -99 -54 -81 -37 72 43 55 -19 37 -93 -90 -8 -41 10 -39 23 -15 -76 -23 10 34 82 -22 77 -66 27 98 -82 -70 
48 -4 -97 55 -16 -93 67 22 -35 55 39 46 -53 18 -84 5 -48 29 -8 60 34 -63 -10 -35 -7 -6 -88 39 -90 -46 87 69 58 -15 77 29 -74 -52 -93 -66 -19 68 83 72 68 -19 5 -32 19 71 
-24 -58 -34 -63 79 -8 45 -76 4 -73 -42 -23 95 -27 -49 -87 -77 -63 58 -69 68 -69 19 27 98 35 19 -58 -50 -77 78 71 -35 9 65 -75 5 -19 -13 12 -1 67 37 83 52 61 83 -96 -68 20 
-60 43 -63 6 28 -43 70 -51 5 -84 -97 -78 -64 29 30 86 -38 53 -95 50 -89 -78 53 -36 55 34 40 53 51 28 -23 -90 -52 -75 50 -82 -47 53 95 83 -99 -97 91 76 43 -8 15 -39 -51 -85 
65 -71 71 -20 58 9 -78 19 -43 39 59 68 7 -48 40 -24 32 -99 10 39 -43 -57 13 -94 14 -82 -87 -28 -23 34 -88 14 -10 -59 -72 16 -52 63 96 -56 54 67 22 53 64 -5 54 -33 23 -78 
-58 -20 86 -80 73 -79 11 92 -95 92 91 24 41 57 0 -20 -62 22 71 67 -73 -8 82 84 -42 -38 64 79 77 -58 -10 -87 8 91 -8 -69 -38 -43 90 -89 58 59 -97 41 -94 -51 -39 -29 -59 -54 
-90 -73 -88 -70 46 -10 92 -20 86 76 65 42 -51 83 75 26 32 -46 -69 -25 28 -52 14 -91 78 -6 14 88 -71 -53 17 21 -58 -78 -14 66 13 12 -62 -9 95 -91 33 -60 65 -84 -88 50 -46 -44 
-42 -96 45 -37 99 54 -18 84 82 -35 -54 98 -16 -89 65 -2 -24 36 -15 -42 -57 58 13 54 95 63 -29 -43 26 9 22 -19 -97 -94 -39 -31 -94 52 -82 -23 46 -43 52 -63 12 87 87 81 57 -37 
22 -66 6 -75 -88 -44 -26 -84 57 36 10 -21 -97 59 41 -93 -89 73 52 -17 -40 7 24 45 5 47 64 -3 -95 -42 -55 57 12 -2 7 -56 -11 -12 49 -1 26 -57 33 11 -86 -3 76 24 -70 6 
-67 -82 13 -15 -16 27 -43 -55 16 86 -21 32 10 36 -64 -83 5 -50 -32 72 26 40 -24 61 46 -88 98 -64 -25 -30 -83 -92 30 -11 55 -26 -12 -75 -56 15 74 23 76 -81 -6 -94 -71 60 -38 -91 
-40 5 71 5 -67 -17 -62 42 -87 -98 -27 79 -82 89 29 -76 75 22 68 11 -48 84 60 86 99 59 -9 -47 -93 71 45 -19 -1 -45 -74 -44 -11 -60 30 -15 -24 56 -26 -49 78 -69 52 63 -67 -70 
62 -65 -83 -70 -53 28 99 -87 81 19 15 -89 -28 93 -94 62 -61 -3 -55 80 -20 63 5 -52 -25 -86 81 61 76 26 92 75 -58 11 47 -73 -27 8 -20 -60 71 80 -8 -17 68 -85 32 -43 -41 -63 
80 -52 83 -70 -69 -61 76 -31 -64 77 -72 16 25 -76 5 47 92 37 78 -78 -10 -94 -54 -73 90 -67 -60 -29 -58 79 94 96 -99 -70 -28 71 -11 -59 -13 83 93 55 -22 -31 -39 23 -65 45 9 73 
96 63 53 51 -85 -44 -45 99 -35 -24 -78 71 55 35 -75 -83 11 -10 25 -31 -98 -8 49 89 50 31 36 -53 -72 0 90 94 -24 -34 -49 40 46 24 -38 -61 -43 34 -3 11 -83 -6 -32 69 19 14 
-82 -72 -74 -52 -94 -4 88 3 -20 -68 -77 -11 -11 95 -54 75 -27 -41 8 -62 68 41 30 96 -17 -3 -29 63 79 -74 -52 -41 -41 12 17 72 99 -30 -53 -3 93 25 -58 51 3 20 -52 64 46 -70 
57 -11 -49 78 -18 -98 79 -1 90 13 -27 41 -58 -52 -42 -20 48 -52 -77 21 -43 -50 -31 -31 -68 51 -19 77 94 67 82 83 1 -53 32 -1 -96 72 -14 -25 -96 -9 5 -11 65 99 -8 38 -59 -61 
23 0 -41 61 27 -35 84 91 63 -30 69 -65 -11 -79 93 33 -46 98 -9 -85 97 -35 38 42 56 60 -99 30 12 83 -8 -76 42 -96 -34 63 -4 73 -31 -42 -58 11 -73 54 -60 6 -65 16 95 -86 
66 -56 -56 5 43 -2 -78 35 79 -62 8 -97 16 30 -88 33 56 77 -48 34 40 -14 75 47 -56 -36 66 -71 35 -88 -19 -61 29 -29 31 -73 49 -24 7 4 -61 -72 -3 71 20 72 -51 -51 -27 -47 
-64 -35 78 99 9 -83 21 -95 86 84 -42 -22 -66 -48 -82 -46 -37 -38 90 16 23 -73 -73 82 42 49 -7 85 -1 73 34 -74 56 47 -12 14 76 -56 35 -30 92 -54 42 33 -44 31 49 -39 -42 -40 
96 -44 77 -78 54 -53 -53 66 -51 48 82 -48 25 87 -5 52 -34 31 11 14 7 9 -63 -89 95 88 -89 34 33 -82 76 59 -63 -82 -67 -24 -61 -6 -70 25 34 73 -26 -24 -89 36 -36 62 91 81 
-36 51 -69 76 14 98 94 -45 93 76 -25 -79 5 -96 28 85 76 71 71 49 53 27 -14 -11 92 63 1 31 74 -28 -89 69 -27 65 -83 -97 -55 -89 97 54 64 -30 74 93 -83 86 16 71 15 68 
87 -96 13 39 47 33 87 -64 10 26 -70 -17 69 -25 5 92 5 41 -36 71 -6 -77 -86 -78 -56 74 5 51 98 -11 50 -16 78 10 54 38 -64 70 33 82 63 -50 21 -47 -10 10 25 51 -69 80 
73 8 95 51 44 69 75 19 -13 4 -22 -21 -53 -39 -8 -59 -49 -3 -42 84 91 -62 -51 -50 -49 61 12 -81 -40 -61 37 -52 45 86 79 54 77 -81 80 28 71 -58 -58 48 87 73 -62 26 18 13 
-60 43 45 -45 -57 84 -15 -20 -2 -5 -65 95 -91 24 -35 -61 -30 -26 95 59 -86 -61 -45 -86 -93 -21 1 -66 18 -1 74 80 -26 -41 -20 -56 -63 -13 -84 -71 -77 94 68 43 -71 33 0 -18 -46 -14 
45 -58 18 29 -6 -83 -71 -90 33 37 -82 61 -34 -84 10 -44 99 -27 1 -74 28 10 19 -94 67 -69 -46 -53 -46 26 86 -64 -3 55 7 34 73 15 -11 17 19 -62 -54 -10 -58 52 -56 -94 -11 -71 
-34 -37 -31 -12 -74 49 -36 8 70 23 90 6 -16 -63 -71 10 -10 33 -85 31 -79 23 32 -26 -94 36 -59 3 90 83 40 -64 37 74 43 48 65 81 -70 27 99 -61 -72 69 43 -45 28 60 -31 -93 
-72 -87 -27 94 6 -21 37 -48 8 -26 -8 99 -93 25 -56 -66 -30 27 -62 -48 -49 99 -66 -70 -84 -81 32 78 51 -97 68 59 22 50 -56 67 49 -80 96 -32 -51 -37 -58 25 70 -41 89 76 18 -5 
-63 86 -72 -71 -98 -87 -39 -66 57 62 63 -56 -48 -16 34 -81 -89 -96 -45 -58 67 -36 -73 -89 -28 93 -39 69 86 71 -64 -51 17 -97 -4 -69 -31 -22 -8 -18 26 -13 35 -85 25 95 -92 -60 -68 -1 
-61 -31 -72 15 -80 2 -92 -39 10 -82 26 -58 -98 -78 7 62 42 47 -43 83 6 -1 13 20 97 -18 6 -69 32 -88 -5 2 -7 -88 99 99 66 60 61 -53 84 -23 40 -47 42 80 93 65 -87 50 
97 -33 34 -27 23 -6 21 21 99 52 -84 -72 -60 10 -49 90 -51 -79 34 -33 97 66 -17 -13 -65 10 23 72 82 31 81 -84 -61 -31 47 71 -26 67 -79 97 -6 -34 -7 -31 25 72 81 25 79 -30 
-24 90 -5 36 -17 -65 44 -44 42 88 -37 -75 -32 48 45 -66 91 49 -78 -67 -77 72 -30 -74 -82 73 55 -62 33 -77 -40 -46 -56 -26 50 52 55 11 -42 -36 89 -94 97 35 -29 -75 -18 -27 -73 -42 
7 52 47 83 86 68 -93 30 -67 -17 36 42 47 -71 20 2 -99 10 -59 7 -25 -86 70 -72 97 -82 -15 -65 -24 14 53 21 23 -15 -48 24 -64 66 78 86 35 12 -8 -80 -71 65 -35 -49 -39 15 
67 -71 77 54 65 30 92 76 -83 -53 32 13 -11 -49 26 -62 32 17 47 -86 -18 -62 -36 73 -7 -90 -97 20 -89 -46 -40 89 15 29 74 20 8 11 62 -41 35 -45 73 -81 49 -67 19 15 47 -75 
-76 -25 68 28 -71 83 72 -21 57 87 61 41 -91 27 39 -74 -34 10 -40 -28 -11 -5 50 -48 84 -37 81 60 -53 61 -12 -84 -25 32 -31 40 -50 63 -85 83 82 99 -38 20 -99 39 -44 50 36 78 
-46 -54 -97 61 3 -68 99 6 48 -1 -18 -87 20 45 62 -54 -28 91 61 60 73 -67 -85 -27 43 74 -92 58 -58 73 -67 -77 -58 -53 50 -80 50 51 50 -67 -8 -66 -2 -66 -46 28 76 -37 74 9 
24 41 -37 76 28 -29 87 82 79 38 34 -81 56 -33 10 1 -81 67 70 73 74 -15 -46 -48 -60 3 -72 -64 -51 79 79 43 44 77 -2 -95 -48 24 -37 -26 -7 -31 83 60 29 -84 -39 63 22 -1 
98 91 59 71 -14 -48 91 3 63 -53 97 -18 -41 -35 -95 -43 -88 -63 -48 49 -67 55 39 12 75 74 14 12 -94 6 -38 73 56 48 -89 -11 -33 3 -77 91 61 79 -73 9 -3 -18 62 -64 79 5 
57 -91 -44 -78 58 -29 -17 42 -29 98 52 -80 -79 -74 69 27 80 -58 13 33 32 -67 29 -66 74 72 31 -35 34 -39 -59 5 -83 -31 8 -27 -90 63 -41 60 -98 -68 12 21 -25 -18 36 -8 -47 6 
69 56 -45 47 32 13 29 -53 58 60 -9 -80 -54 43 16 91 -34 35 -50 -6 75 -68 43 -31 -34 -26 -11 -33 17 19 -22 -88 41 7 67 32 -53 -77 23 12 84 -94 -62 7 48 -89 63 -71 -32 -1 
56 -94 -81 47 -57 78 -19 58 93 45 -41 -99 -75 -41 -39 29 24 -17 15 26 53 44 -3 -87 41 -2 -3 -18 54 25 -75 -82 -14 -3 -95 14 84 -74 62 96 45 -22 -65 -86 -78 43 23 -91 84 -85 
