-98 -79 34 72 96 48 -30 88 -16 -94 40 -1 -74 -61 -10 -63 4 4 54 -58 -72 -31 76 28 69 89 89 -64 -93 -96 43 -94 -31 -37 20 -53 -2 1 48 15 23 20 -39 84 40 -63 3 27 -8 40 -81 -60 55 -52 -7 -99 -93 -89 12 -35 27 -81 81 20 -5 23 90 3 -55 98 -91 -14 77 90 -39 69 -2 18 -11 -53 8 86 -79 -8 8 51 95 99 -26 44 -48 -33 -18 -33 97 35 80 -59 -84 -77 
57 17 -84 20 -93 89 -21 -62 -85 26 44 -7 -75 87 -98 76 18 -34 41 -56 52 74 75 -49 32 99 8 62 10 -65 99 -81 24 41 91 16 53 -12 85 -26 -92 15 -83 4 -59 -5 -86 71 -56 29 -69 -12 -83 32 26 -18 -57 12 -78 -83 91 -36 65 32 13 32 73 -96 -28 99 81 -90 15 -11 -19 52 -77 83 -20 -17 -33 -65 54 -63 -2 -6 -70 59 -79 18 68 -71 -74 -94 -43 -23 53 92 -77 -68 
-23 -5 75 0 7 -76 13 -64 79 30 -20 -65 -85 -64 69 -23 -73 -22 -73 26 -84 -76 -89 54 36 -49 2 45 21 68 -96 -59 -15 -75 28 7 -75 -63 -64 -50 0 47 -8 87 30 -98 -73 -29 9 -5 -74 -20 90 91 -60 -60 35 -57 -34 -35 -32 89 37 -27 -12 -33 -84 -50 96 -56 84 -65 -25 -15 40 75 76 -82 -72 82 62 37 -5 80 -95 90 89 -53 32 41 4 -96 -93 41 91 72 -67 -31 -12 -95 
-94 -86 44 -63 -54 45 34 1 -27 -9 79 -11 79 70 -70 -69 99 90 -77 36 -8 -43 31 97 -60 -66 -38 -37 -39 -3 -93 -24 58 58 -49 87 20 -39 98 -37 54 6 62 -63 -74 53 -48 97 25 16 2 99 10 17 6 57 -1 -31 -82 -76 89 9 -33 59 77 -55 -79 67 -41 55 -38 3 35 79 78 3 22 78 -47 79 -3 34 -47 -30 31 -19 65 29 93 -75 95 -45 26 -82 -47 -34 10 35 87 12 
-7 73 66 96 7 28 59 -76 -87 31 -35 -73 28 -24 83 19 75 -78 -22 -21 63 87 -70 65 35 23 35 33 -7 8 67 78 -37 23 -87 98 -27 41 -76 -28 35 98 33 -39 66 2 -15 -60 -19 43 -79 60 89 99 62 65 -46 36 -64 -10 -1 -6 -96 4 8 57 -12 50 -47 -73 53 -42 24 51 8 78 -79 -44 -10 3 52 10 -30 -88 52 46 49 -42 -95 16 -77 -95 -60 22 92 -3 90 -17 53 14 
78 98 -10 22 -28 62 25 -10 14 -73 -21 55 -77 -67 58 -52 77 60 39 20 -97 4 99 -68 51 68 -63 -79 69 -14 -52 -55 66 -53 3 11 37 10 28 9 -86 55 51 51 -38 -1 -30 14 91 81 15 -64 -19 43 -94 -21 -25 -87 45 -96 55 -69 41 76 -63 48 -87 -65 -74 33 82 79 42 41 9 86 -42 -2 8 -45 -59 2 -56 22 70 56 84 -62 -59 55 -7 -61 -58 -26 33 -52 -50 34 -21 -2 
-15 -50 -4 90 92 95 31 -32 44 -55 97 -82 -6 25 93 -11 -38 -17 -54 24 40 -74 -92 34 3 41 -30 60 -85 -11 -75 -21 51 89 63 -82 -24 -45 49 42 -1 -4 -69 69 -9 24 -8 18 -37 10 -96 73 -55 75 49 -24 -26 -46 -83 86 5 56 82 -31 34 -74 96 -77 -82 78 94 -33 -71 81 88 39 -22 6 -5 44 95 94 -66 11 -48 83 -63 -26 41 -12 -2 -65 87 -8 97 98 -45 94 -32 25 
-12 62 -30 94 -24 96 -48 -80 -97 46 69 -27 70 -41 88 -2 -91 11 -70 -38 -56 97 -84 3 -55 57 -6 69 73 -23 19 69 -88 -3 68 -77 -64 -89 -21 63 10 51 -41 18 -30 41 82 -53 73 51 -57 -33 -59 91 -71 -88 -87 -82 -12 33 -21 46 -6 77 88 49 -3 -27 -61 -66 -62 -93 -21 -75 -19 -43 37 -22 -49 -97 23 -55 20 -79 85 7 -61 41 -27 41 -80 70 65 21 89 -71 -85 5 55 -48 
70 31 84 -15 20 -92 -30 -58 -9 65 -51 -41 98 60 -56 63 -20 97 -93 -10 -30 -77 86 -73 -89 77 34 23 41 -90 -8 -25 68 -99 -38 -36 35 88 14 -71 -79 -75 62 35 7 -36 -10 45 79 91 -61 -24 17 -78 -14 69 81 -19 -28 64 93 85 44 -60 87 14 -29 -82 32 -49 -90 97 38 93 -37 -21 59 74 -87 82 98 -99 -12 -65 94 -32 45 -67 87 -59 5 32 54 33 -60 17 16 41 -66 34 
-99 0 -55 -46 -30 89 -55 -21 86 -43 11 -36 -21 -37 -89 -40 -31 40 76 -90 -30 98 99 76 -44 -20 66 -44 17 15 28 -78 -85 -58 -24 -10 82 63 59 14 67 56 -1 95 81 55 -87 95 -83 -76 6 10 -61 -26 64 37 46 64 -34 59 5 53 -57 3 51 48 1 -46 -48 -88 20 -55 32 5 -35 79 66 67 -78 98 -13 14 -37 53 29 62 -28 -20 -65 39 -42 -10 68 -15 99 12 92 46 94 -42 
-52 -76 97 54 -90 22 -30 10 33 26 -59 14 -4 64 -37 -53 75 -42 -6 -97 66 91 -69 57 -26 -8 -94 -35 56 -73 -66 16 17 -66 -76 74 -4 78 -72 98 -45 -56 -88 -9 -25 -15 41 -88 -76 25 87 -73 88 -27 -51 -16 -90 -95 10 -65 42 -63 -63 -6 36 -36 44 21 -75 14 35 -59 82 -86 24 -61 27 -9 -83 -4 97 96 -20 83 3 70 -93 -75 50 -29 -70 -85 36 -82 -51 91 -52 25 46 77 
47 -93 53 -13 -16 -27 -17 -17 -65 28 -48 49 -89 78 47 -65 99 23 99 -25 86 64 -3 -31 -53 8 -19 -43 94 3 10 -32 82 -31 -5 29 -71 -55 -63 -93 72 -14 47 45 4 89 -61 28 -34 -47 42 30 28 77 -17 -55 27 -30 -19 90 76 40 -46 -2 53 3 81 60 81 -47 27 -58 80 45 -98 -46 7 10 49 26 -34 -78 28 -9 -9 -10 60 -84 -45 -14 -4 -29 13 -18 -53 18 -70 58 28 26 
83 -44 85 -7 -15 -84 19 14 -23 94 6 -5 10 90 -80 10 -60 6 -48 55 -86 86 31 -14 65 -16 -24 -34 -45 97 -93 80 25 -63 -52 2 -49 -25 -55 38 21 -62 17 75 93 48 65 -27 -57 -93 73 61 -28 -62 -49 84 45 -7 53 -27 -59 -68 70 86 -79 73 86 28 -91 -85 32 53 14 -51 -71 79 72 15 -49 -51 31 89 61 -15 -5 54 47 -45 -57 -80 18 -82 -35 -11 -9 -31 85 -63 47 3 
-6 27 39 -61 -3 -24 -24 44 -77 -37 69 -65 -62 -10 53 73 73 7 41 -45 13 67 -12 -36 54 20 12 59 33 -12 41 38 -90 39 -20 32 -28 -60 -3 -93 73 91 44 -35 38 -71 -80 -61 -53 -78 -9 12 -52 39 -35 83 35 -19 -46 11 83 -79 -67 -86 -66 98 -6 -10 -74 -59 35 -3 -30 69 -57 74 6 -46 -69 -76 69 -78 -82 -58 30 37 74 -54 44 -63 70 -78 88 -96 48 -70 -57 68 -56 -34 
-78 -46 -28 -44 -99 3 -6 -56 -36 36 -79 -87 78 88 -20 -12 -99 -53 -76 16 58 -38 -34 16 -23 -47 57 -21 62 92 8 15 85 -22 -24 -10 8 -16 69 -27 -74 -32 -86 -54 -52 80 54 -33 -65 -63 79 65 -88 19 17 -65 63 -24 43 -1 -51 -14 -72 -36 -39 45 -33 91 -97 -8 -24 59 83 78 -20 30 -8 -60 -62 -63 -43 16 -11 -21 -30 -72 62 -77 -5 56 71 -36 80 9 96 -81 -30 96 4 78 
-8 -82 -8 -52 46 -36 -29 83 14 84 41 -63 -86 2 86 -64 -35 3 -63 50 48 47 50 -20 -38 96 -2 54 83 -36 68 -86 -7 -84 4 -49 1 21 73 24 -2 81 25 74 87 38 62 71 67 -56 -52 52 12 -7 -66 -38 -20 -43 46 -2 30 -31 49 33 -69 87 -86 8 -26 -91 -11 76 87 -71 47 -50 -1 90 -56 -91 30 94 95 -34 9 -20 -53 47 47 81 -83 50 -41 -97 -21 -52 7 85 93 -63 
-30 -10 36 -68 77 50 -82 -71 61 56 -60 26 78 27 96 31 72 -70 -38 48 -33 46 -57 99 -90 13 -97 -1 8 79 80 80 -73 -58 -52 -85 15 -90 36 8 76 -64 -47 -69 -80 32 -59 -53 2 35 49 58 -43 31 38 -37 66 91 -14 -65 53 97 -34 -98 -86 52 81 27 -81 91 -15 -99 8 -48 -11 -91 -93 -52 -87 74 93 -21 0 2 67 14 -64 -35 -14 17 83 90 -71 -42 39 61 -98 81 99 2 
88 -24 95 -96 47 -50 -99 -42 12 -4 -90 -88 23 26 -46 59 -4 43 -28 8 32 -7 11 19 67 11 71 -92 35 34 -5 -38 -88 49 -56 76 -14 -19 47 78 15 -65 63 56 46 68 -94 41 -92 -31 6 -5 25 27 83 24 -78 26 -97 72 43 -90 62 -89 -4 -70 -54 31 -94 -4 76 -39 1 98 59 -84 57 86 50 -21 -22 98 -52 -66 -40 -57 45 -33 -19 -79 99 70 -54 -18 -21 88 -23 -9 -35 -38 
84 -86 -10 -93 -9 21 -7 2 65 -78 51 -6 88 10 -78 -16 -79 -36 32 47 -8 1 -86 96 -93 -87 16 -92 -96 -18 23 13 -22 -59 27 -6 -21 67 62 22 -95 -1 -35 -17 69 -26 -25 44 -55 -16 22 75 87 4 -49 78 -31 -20 76 34 72 -65 -83 -42 -63 68 -89 -13 -3 22 89 36 -54 -49 49 58 -59 62 50 -45 99 93 -90 -14 -85 51 -97 -24 -60 -18 -48 13 15 49 90 -57 -2 76 -17 28 
80 88 66 29 95 42 -49 -93 -32 -91 -31 89 -59 -35 11 30 -5 90 40 -62 -58 -34 23 -55 24 73 28 76 35 -6 -96 22 -79 -1 -94 -52 -67 -14 -63 55 38 -8 -7 -37 79 -25 60 -67 -13 21 55 23 -3 -86 3 -32 -96 58 10 -41 -15 72 -66 57 -21 -61 -90 84 -85 -60 18 74 -65 84 -69 80 -30 -94 58 93 16 -54 -4 -50 52 -10 -37 33 35 -60 0 82 -79 0 38 -66 -4 99 -78 -23 
-72 -96 50 -10 57 -5 -85 -51 -34 28 32 -44 71 -38 -16 71 53 -59 69 -35 -12 74 58 87 -95 -14 -31 53 30 68 -17 56 32 69 -40 -30 85 -43 63 33 7 -88 79 -13 72 6 74 6 65 -35 -54 86 97 73 35 32 -35 97 64 -50 -79 -69 -66 -59 96 -69 4 52 88 -55 77 -13 -29 -47 -19 80 -9 42 -1 -39 -20 -69 -75 -74 54 -32 -68 7 67 -37 -39 48 89 -20 66 5 -65 48 -78 51 
-42 -24 82 -40 39 97 -16 11 -45 66 -96 -22 73 -38 -5 -35 17 -11 11 -81 -23 -7 -88 93 -41 66 -94 -20 31 -43 69 15 21 91 -10 84 -61 -26 9 -93 -27 -19 24 -18 50 -46 -66 -9 89 48 -28 -49 85 -96 47 44 -49 -91 17 -99 57 -40 -99 93 12 -25 60 42 -66 -85 -3 10 8 -11 92 11 17 99 76 -69 43 -21 -21 28 15 -27 -6 48 -73 41 -59 30 38 56 48 90 62 55 93 -25 
-59 -60 19 38 72 -94 -98 44 -89 43 83 75 64 -46 -99 -18 -99 70 -39 -84 -98 3 -48 -88 60 83 -20 -93 1 -12 9 -7 -84 5 34 -16 -1 -16 9 -81 95 92 -40 -5 69 92 96 -25 13 47 -89 -55 27 -15 25 93 88 78 -16 -33 -41 -42 -86 1 99 -14 -52 -53 45 -87 26 -55 -72 -83 6 -82 48 -47 -90 -99 -37 -8 -91 9 98 6 -69 59 53 28 74 59 74 52 -74 -49 97 -34 3 -82 
-22 40 55 -59 62 -55 57 22 89 -32 54 -59 -85 41 -26 -15 -39 -43 -43 73 73 -2 57 -72 61 -8 -68 11 21 18 16 -51 -92 96 73 -15 21 30 -68 20 -23 11 33 79 -19 -42 78 -30 49 -98 48 -72 75 -53 -55 -5 62 69 -97 -17 -13 -29 15 40 25 64 -73 -28 -60 -46 -71 -48 36 2 31 55 -86 -49 87 10 22 -35 -55 86 -73 -64 46 -33 -76 -8 11 8 -37 60 0 93 -49 -67 74 58 
23 79 31 57 56 22 61 -94 -72 -84 -41 -36 -28 -55 68 -48 22 57 52 23 71 95 24 -93 28 19 -78 0 57 -41 0 -72 48 33 -95 78 -84 93 81 86 -20 -54 70 -54 57 63 -91 -68 -56 45 -1 -58 -68 22 71 89 95 46 79 22 31 -35 32 -7 -46 62 -32 -19 47 -45 -15 32 11 68 79 86 96 8 -46 93 1 -10 -88 -58 91 -31 84 99 -36 -19 -75 -90 42 38 -3 -62 11 62 37 -32 
-56 -15 47 -9 56 56 34 88 -27 27 62 -27 41 -27 62 8 -91 74 90 -13 -26 51 75 -72 -14 79 -37 47 5 97 95 -39 78 -86 -97 -57 -27 -92 18 -4 -11 91 -81 26 33 -50 98 -14 -30 -33 74 1 -23 -85 -68 74 -52 -75 13 -53 -89 -58 16 19 79 44 -96 65 93 -29 54 22 56 -35 33 -72 9 48 41 -99 -37 -84 -74 26 66 -53 -55 -77 -96 21 31 -82 -79 -43 -1 -95 15 67 -21 -97 
59 -46 -99 19 -11 2 -38 -57 -5 57 -35 -39 -60 -24 39 89 77 -59 -80 -68 28 -90 -68 -21 29 -25 25 -59 96 -73 -21 -6 74 -47 -86 -29 -11 -72 -17 65 99 -42 -72 37 -42 53 -65 17 -63 -7 -26 -67 -86 13 -58 47 -50 -19 0 -87 -28 -48 77 -80 -79 -75 63 5 -89 16 50 49 -33 -86 -49 -6 69 34 12 94 -7 -9 -7 -44 81 -13 -92 -26 48 -31 -37 11 -63 96 15 7 28 58 12 -84 
-13 -46 -63 14 -51 -98 -91 -89 -71 35 -99 45 6 -61 49 -3 -19 -27 -28 97 84 -63 24 14 78 -7 -84 55 -89 -96 -8 88 74 42 -12 -31 14 67 -17 18 -34 -41 -15 -67 82 96 32 -63 -88 36 68 95 69 75 -20 -80 -55 28 -80 40 52 78 -92 -46 72 96 -76 99 53 -84 60 25 85 65 99 96 39 -51 -81 42 58 -94 65 17 -31 43 57 51 -90 -89 89 -79 38 -68 -34 -29 -98 19 38 -86 
-45 17 61 -56 93 -44 -4 -17 -67 15 51 64 38 -23 9 83 -52 -96 11 -83 -40 89 59 -95 40 -93 -52 -4 -17 17 -86 -46 37 -85 43 -73 79 -41 -5 50 42 24 -81 -89 49 53 -7 -9 81 -54 56 -68 50 -53 80 -25 78 34 23 68 72 16 -18 -54 -30 36 -22 52 -41 -32 75 -47 -93 41 31 -80 -94 -60 21 74 72 -13 73 -56 -10 8 -57 43 62 13 -61 22 -33 79 71 99 23 -94 68 26 
94 -70 99 85 -10 -60 -58 72 -9 50 30 47 69 -93 42 85 -87 77 14 -29 -18 -85 51 0 -96 -86 48 -84 17 90 50 -12 -39 92 -19 18 -3 -18 -36 -61 -76 -8 -22 -46 17 -90 58 -62 35 -79 -66 71 -91 -29 -6 -12 -24 27 80 55 58 -7 -15 96 61 22 6 -20 -83 94 58 -53 -42 -97 -98 -77 44 92 -56 -50 98 55 80 -68 42 -58 -98 -98 -75 85 76 3 -99 75 11 70 37 -10 -50 -41 
-51 43 12 -61 -53 -32 -29 -45 46 -40 16 68 -98 15 62 46 -96 69 -49 96 15 -61 6 73 -95 -94 38 -76 -66 -85 -61 -79 74 0 95 -81 24 0 25 -16 95 47 -12 -82 -18 45 79 -68 -64 0 -4 -7 58 0 -32 -52 -53 99 91 -11 82 32 27 35 -24 -18 -50 -56 96 -23 -99 -70 3 82 70 21 35 20 -69 64 20 74 49 40 19 -14 -85 6 16 66 -89 62 -97 -35 29 -80 -71 48 -46 76 
-46 -22 -71 -60 -3 99 75 -23 -61 -52 80 -39 -24 17 -71 -81 15 66 27 -73 25 -49 -45 35 -22 -11 15 -76 75 10 69 1 0 -69 -80 86 -14 53 -6 38 1 26 -70 -93 -78 -50 -36 -1 56 54 -67 -6 28 -66 -90 -90 98 48 -30 -53 -75 87 -70 -84 29 3 -13 69 39 79 81 -42 47 -60 -28 29 -60 -96 11 31 -64 -18 -95 -28 -13 -37 -81 8 17 -76 -49 -13 64 38 -26 56 -97 43 -58 45 
-54 -58 2 0 -69 -10 -83 -49 50 39 83 30 20 51 76 58 4 37 86 76 82 63 -60 13 11 -6 -27 -79 -2 0 -81 80 10 2 -58 -87 -58 31 94 -37 -45 -57 99 53 8 -99 -35 -56 75 55 78 80 -16 -42 64 -75 11 63 89 65 82 -66 45 0 77 -21 -16 -95 -11 97 -74 3 -82 -16 30 2 37 27 75 28 65 48 81 -85 97 2 -79 40 42 -9 -97 -10 15 -26 -94 58 95 9 77 75 
38 73 -76 71 -61 14 -58 -81 16 22 33 -69 -90 92 40 52 32 -35 25 14 25 27 19 44 -15 -60 49 -50 -30 62 -33 -88 38 -6 3 -20 -57 -37 -37 -42 17 -67 -10 -77 -93 6 45 8 -63 -1 80 -87 -48 -91 55 -79 -14 83 35 -86 -30 48 90 45 6 21 -24 -9 38 46 -52 -89 -1 -11 0 -86 -29 66 83 70 76 65 -6 -66 23 -70 -64 -30 -32 -26 14 81 97 -7 -97 -20 -18 78 67 31 
-5 29 53 -96 5 -14 72 -80 52 27 -30 21 -75 -31 -87 -87 -64 -71 15 -7 -2 53 93 12 -38 84 -44 75 21 -29 -19 -66 98 -13 50 -83 42 67 53 75 -81 51 -36 89 98 67 -49 50 -89 14 -62 35 -79 52 50 -86 -88 29 98 -53 -89 -25 50 -38 53 29 -52 70 68 -43 38 5 8 23 57 -88 -35 -74 52 -2 23 48 -15 -18 -10 -17 56 67 9 -13 -41 -87 -81 -94 16 6 99 4 53 -41 
-63 36 49 16 6 59 21 39 -83 -88 -39 -69 -64 33 48 74 85 -28 -60 76 33 -20 -97 19 84 71 -20 28 -88 68 40 -19 -13 -97 -66 -42 17 55 -71 23 -53 53 -94 -80 -88 -60 -51 -13 -43 95 90 4 -35 -60 86 34 -38 -61 4 40 -35 56 -80 -80 49 38 27 5 24 -90 92 31 54 -42 3 3 83 7 -88 -99 67 -79 -87 -72 29 47 -84 47 -4 -63 7 -4 -17 71 75 85 -5 94 39 -59 
80 33 -28 95 72 -43 10 3 31 -39 8 31 9 -68 -38 -98 -94 -96 94 -99 46 -26 -62 27 -87 74 17 -96 -42 -91 -16 4 -27 44 -87 -23 32 1 45 54 -42 59 68 34 -51 33 17 22 12 23 22 -73 61 1 68 -89 45 30 -40 -26 -94 50 66 -40 94 66 -91 55 62 -36 -76 31 29 -32 78 -61 -7 -16 -75 38 -89 -70 93 -48 40 63 51 77 -22 -63 -69 79 -16 -87 92 -20 -21 -39 -26 -19 
67 -28 -11 -38 -44 92 32 -4 -51 33 -79 26 98 39 54 -77 82 -67 22 83 44 59 81 8 81 -13 -47 86 31 33 48 -9 -3 57 -10 71 98 -24 -90 56 74 -51 85 46 85 -26 -7 53 29 89 -70 56 -62 -92 52 57 -7 67 37 -8 6 20 38 71 -92 51 -71 63 -38 41 -50 -81 -33 -46 58 48 -80 -18 -45 -33 -69 24 -32 3 -22 -73 20 -78 -41 -92 -94 28 12 -46 15 -72 -45 62 -20 -78 
-86 99 37 23 65 -6 79 49 -96 -49 56 -11 73 10 -99 -56 -38 -51 92 6 -25 39 56 -92 -95 99 -41 76 30 -14 14 84 -46 -63 -82 97 67 -6 2 -36 42 5 27 23 90 48 -35 -7 -19 32 -17 40 -82 -79 27 80 79 39 -69 -42 -49 74 34 -58 18 80 29 -30 38 -25 29 69 -83 32 -87 56 -67 -65 83 71 28 -30 -15 3 -21 19 -68 90 -56 79 41 42 42 -55 88 -12 24 98 -96 -58 
-93 73 92 -80 -71 -16 9 -19 -89 -59 -36 75 26 11 81 -63 95 -39 -17 83 70 5 22 54 -63 -62 -74 -88 1 -18 -20 7 4 85 -40 -39 27 -41 33 -75 -28 -3 49 31 21 85 83 -43 -89 -93 -85 -33 -44 99 -53 51 -85 94 74 -13 78 -95 -98 -75 -71 88 2 -63 -61 -59 80 -40 95 -54 32 -37 45 -48 -28 -94 72 78 21 -64 -69 -14 49 79 -93 -59 -78 70 -14 -70 5 13 -40 75 88 -75 
-84 1 -37 63 73 -78 42 -17 -9 89 74 63 88 41 64 90 -94 -41 -77 -30 46 -2 43 -38 14 -41 31 84 75 11 -7 54 42 55 -94 1 -75 93 61 42 44 38 80 40 0 53 -57 51 77 87 27 29 -83 42 -64 89 81 5 54 -86 -78 -43 -17 93 2 55 65 -98 76 -14 53 -16 -21 70 -83 -46 -53 -12 -95 87 -94 84 38 20 -79 -28 -75 -94 -12 -69 -43 -45 15 -60 71 -97 33 42 -73 -58 
-77 -77 -57 98 52 95 90 77 91 94 90 -96 -26 -9 26 -92 73 -15 25 -95 -34 -95 67 39 -21 29 -4 -24 -98 19 29 -33 80 11 -75 72 -55 4 15 78 -76 -23 -85 -50 -37 -60 60 -55 40 52 96 23 97 -83 40 -51 -59 -49 -33 95 7 -46 64 -72 64 -17 38 26 88 56 -3 -91 34 -22 -24 -31 -64 42 14 83 57 -11 -7 -64 74 71 51 -95 -74 78 -79 -96 -34 1 33 34 -8 95 -80 -89 
-37 50 -72 -44 -99 31 -26 -31 21 25 55 -83 -83 -93 33 31 -80 44 82 -57 22 18 -26 -95 -98 10 -52 33 -96 -76 24 -44 -28 -84 58 63 -32 85 36 -58 -15 59 68 13 28 60 -33 -3 8 -59 9 -93 78 -82 55 96 12 -21 -94 64 -38 47 0 78 73 30 53 66 -43 27 69 -18 97 67 77 17 -88 -33 -15 -42 -95 -95 50 9 22 -31 83 28 -35 38 -34 38 -97 28 68 -5 75 75 90 49 
6 68 -99 45 -16 20 -66 -3 40 85 44 21 38 63 48 -63 35 60 98 -92 -63 -4 -82 -74 -23 17 -91 60 69 35 -57 -98 -27 34 36 -68 -97 72 -24 3 -21 -28 -86 79 -48 71 -73 -88 50 -33 17 15 60 67 -96 47 54 79 18 -62 95 -72 -79 -87 79 42 -45 57 -93 97 37 -16 -4 -47 -22 -72 -10 -36 -10 51 -53 87 33 -32 -84 86 77 47 -82 -95 33 -6 99 -67 64 97 92 66 10 44 
-33 -93 29 0 23 -64 80 22 -55 19 81 -90 -90 -10 -73 55 -84 -81 13 59 -13 -65 63 -51 85 -78 -54 -82 33 96 36 -37 29 -88 -12 18 32 -55 -75 -49 -51 21 -60 -80 -42 28 23 88 71 -55 47 10 70 -97 -60 -10 97 63 -30 -27 7 53 -15 -19 4 15 36 90 -88 35 -90 34 -85 36 96 63 -68 12 4 -49 -81 77 36 37 -77 -27 97 62 37 -38 88 -79 54 33 18 30 21 -59 -69 -47 
-18 68 7 -1 -96 -39 -31 -40 -56 -82 -96 -42 84 46 52 -70 36 25 18 40 -51 52 2 -6 -30 83 -36 19 -49 67 88 -33 -68 -58 -28 60 1 12 -83 -46 71 -34 -55 88 97 22 49 89 -66 -42 -14 -76 -90 -90 -81 -65 32 22 66 -52 45 26 10 15 33 52 22 47 -43 -89 -63 -79 9 16 84 -72 -17 12 22 30 -65 95 -35 78 -63 1 -93 -12 -96 -8 42 -70 -96 60 -35 43 38 -83 67 45 
-24 1 67 -69 -62 61 -46 3 20 -89 -27 -81 8 -25 37 47 49 52 -98 66 -17 -3 -53 -25 -67 83 52 -16 15 22 12 -61 -46 58 -31 45 -88 2 -36 19 72 -34 -47 -77 51 -71 -25 -72 -26 35 32 -47 82 69 54 -56 14 10 -87 59 21 -32 60 -75 -46 98 56 -56 -3 -28 -87 11 -40 35 47 -30 91 85 -29 41 -72 -48 98 1 -37 -81 87 59 20 -10 -67 -9 99 22 34 29 5 -28 38 22 
-18 78 31 43 -58 52 81 -5 -10 -91 -64 -76 -27 78 -63 -53 76 -96 56 63 3 -42 39 -8 -77 -2 69 -14 -55 -61 78 -86 82 86 70 -24 -60 70 -8 70 34 -48 -22 77 -27 39 -79 -9 -99 -86 -49 -54 -6 -47 -50 42 -97 5 38 77 42 -53 43 80 20 67 -98 -38 -40 42 66 18 47 93 -85 -62 -94 2 -90 6 74 71 67 -2 61 81 -35 -68 78 2 -18 -32 -43 86 -26 58 -90 -14 81 32 
-36 -68 10 -53 27 46 -50 -71 75 -92 94 39 -98 40 27 -39 38 49 -5 -13 8 76 -41 -35 54 -43 19 -44 -53 -69 84 21 -8 20 -66 -62 -32 74 3 -77 -17 -12 -47 9 47 -10 29 -48 54 -70 57 97 68 80 -16 -60 82 93 -1 -59 5 54 49 -49 -80 -96 -23 -20 40 10 -11 -75 7 -14 13 43 -88 -94 -34 -98 -48 7 -78 -53 39 -12 -40 -4 69 -21 16 49 -37 67 77 -48 -28 -83 -31 -25 
85 78 -11 -92 79 -9 -32 68 -89 -42 -6 -31 5 20 -7 -99 -75 -54 -74 70 25 -50 65 44 63 -25 -98 11 -50 -74 46 -32 99 -61 -77 -11 21 74 52 -28 69 -38 60 41 -41 -5 -68 -38 -40 69 54 25 64 11 94 38 87 -76 -54 78 5 86 -7 -42 -47 -8 -92 39 49 -90 -25 36 29 50 -39 -19 5 -64 85 23 76 -52 99 93 87 15 17 -45 -43 3 80 -81 4 -92 73 28 -89 -70 86 21 
99 -57 -53 10 34 -61 8 -14 32 -68 57 62 -54 -47 85 82 -24 -85 -25 96 4 86 -76 -89 -6 -19 -92 -56 -52 -57 1 -46 -35 62 -1 -97 50 11 60 99 62 -45 -38 -5 79 -94 44 35 86 25 -57 31 38 -13 -7 6 89 -70 -59 -60 -67 57 -74 -43 -9 56 66 -77 97 -56 74 -26 -77 81 3 69 -89 -14 -73 -37 67 73 -7 1 70 -45 70 38 34 95 0 -21 -68 83 -89 -86 -8 1 -11 67 
10 68 19 -70 54 -29 62 -40 21 63 26 -39 -2 -51 48 -24 -56 -95 22 55 24 -41 -54 -21 -94 55 -27 73 44 -6 43 70 -70 -70 27 -57 -88 31 91 -50 -48 24 -46 13 67 54 -59 -62 -7 76 -94 -14 -56 -43 5 6 76 1 -51 76 -38 47 92 -96 76 -38 -77 -59 -4 -30 -36 14 -86 -32 -85 -44 -75 -44 -24 -72 -6 79 3 22 -37 0 -75 -74 -94 -22 48 85 45 90 -25 -39 -90 71 -11 31 
-67 75 43 47 65 -17 69 -53 64 95 68 -20 39 -63 -1 -31 16 36 -92 61 -76 -62 -84 63 43 10 30 -32 94 -63 13 -54 60 86 -23 77 -19 92 -22 -23 -26 -24 82 63 -33 -17 19 97 75 75 3 3 31 13 39 96 -58 28 -70 52 -67 59 -99 86 -23 96 -21 -38 -86 -88 1 -30 17 -28 92 34 49 32 81 -21 -14 -35 9 20 -41 -1 9 7 42 -44 99 -56 -19 23 7 2 -55 8 46 -52 
-62 -41 -56 76 30 67 20 -25 -46 70 15 -93 -36 9 -82 -1 -54 -40 -76 -88 79 53 3 86 -27 5 44 84 -87 -91 26 -95 -94 56 -82 61 52 55 -38 -7 41 -58 12 21 -74 -94 30 38 66 6 -24 14 86 -44 -10 -70 -46 -55 -58 -92 -64 -21 -45 16 -30 -56 -41 51 -99 50 -27 49 -71 32 77 23 64 -24 68 85 -20 -81 -88 -76 -23 32 85 38 -57 -17 -50 29 68 -95 -42 59 -29 93 -88 -92 
-31 -50 -50 93 -88 57 12 0 18 43 52 77 46 -58 79 -1 78 -42 -25 -71 -54 48 46 -78 92 -90 72 -47 83 33 -28 57 -31 37 1 -92 63 -72 -82 -95 28 -84 -6 -38 2 23 -79 -74 29 -40 56 -72 -41 -35 -58 50 -74 75 -32 31 90 93 36 46 24 52 18 -33 56 -11 -20 -60 -88 26 95 51 -84 59 21 38 -8 66 -94 -27 70 -46 -62 -24 -6 52 45 -96 3 92 -38 -82 1 -54 -55 86 
16 -73 -77 -92 -63 26 84 16 63 76 35 28 76 -56 -22 22 -79 -48 -90 55 27 48 -52 -37 87 57 -89 24 -7 -72 87 -69 -30 -69 22 -34 -73 -77 93 37 -61 -92 8 -63 37 -13 -90 -4 16 -39 28 3 -26 -14 -31 2 -79 89 59 -38 -49 2 -96 -46 68 33 -72 44 92 81 38 -24 -17 51 48 -47 -15 -40 34 -34 95 3 17 -63 59 -45 -87 -63 -90 28 -10 -67 -53 -85 22 85 -70 49 68 -62 
-86 53 51 -22 -4 -60 -67 -66 2 58 -56 -32 -25 56 85 -69 -9 22 -2 -2 -11 -86 4 83 -60 -64 35 -18 -77 -88 71 57 -34 17 -32 -15 -50 66 -45 60 62 -7 92 30 -62 -97 75 -16 -84 51 -58 6 -77 -66 72 91 24 34 -49 84 -50 -35 -68 -61 -88 -95 -16 34 72 -21 -47 -22 56 73 29 76 -37 -45 68 92 1 6 19 -66 11 10 -48 32 49 75 -69 62 -35 53 -4 95 53 -55 40 18 
-6 25 -34 -89 -71 11 46 8 11 -25 -40 2 -23 -46 98 33 17 2 -48 -38 44 93 -43 9 -91 67 68 -80 -11 7 56 19 -91 -88 18 24 -62 -15 72 49 88 -85 4 -49 -98 91 25 -7 -83 89 -28 98 -94 74 3 -7 53 -7 40 -26 -47 60 -71 -85 -30 -54 45 -48 -34 -21 9 50 80 -98 -55 -23 -35 -46 -38 17 -20 3 -92 -3 63 -74 11 42 60 57 -29 -52 70 -65 21 -72 70 -43 -81 31 
84 92 60 30 79 -48 53 47 20 -79 -27 24 -67 96 43 73 -9 -72 5 57 84 -77 12 93 -37 49 52 51 -11 -52 56 94 29 69 -52 52 57 -92 53 -41 -59 36 -34 -8 -80 -34 86 -64 -82 -48 37 -3 36 67 90 -8 -13 23 75 -25 -28 79 -54 -52 -58 -59 -92 -2 -74 51 -70 -98 57 -80 -26 69 67 86 -17 70 43 84 -94 45 54 -76 87 24 52 -26 19 99 12 -56 -11 -1 15 -53 -51 46 
-17 44 57 -93 -81 -27 -89 60 -14 -91 48 85 -41 47 -42 -48 4 -98 -57 -21 86 32 -9 -79 -39 -48 -9 -38 69 -90 -38 32 74 66 -5 97 -4 28 -75 -9 -30 -48 -13 37 -23 68 55 -89 50 70 34 81 82 -69 47 -5 -42 -30 -83 -73 77 -9 -19 -85 13 62 -27 -82 -98 97 79 73 26 -49 82 -91 90 -12 59 38 -39 98 -17 -51 34 -24 22 96 -37 74 -63 60 45 87 2 -13 -50 -18 12 -64 
67 53 -9 -63 -98 -55 83 -38 -74 77 -15 -45 -49 66 -96 -93 26 72 95 10 63 -64 -53 41 60 96 98 96 68 23 -57 -6 7 -59 -24 65 -75 17 91 92 12 -11 -76 -28 -80 -42 86 99 -63 -22 94 -14 85 10 -86 88 -81 71 -46 42 75 59 14 40 30 -13 -19 0 -51 74 -98 -41 78 40 -41 -74 -86 -67 -37 -81 45 -44 -45 75 -89 66 -84 2 49 -31 13 44 -19 43 79 -58 22 -8 79 -27 
-75 53 23 -55 85 -14 -57 5 -22 48 26 -64 -3 88 97 -27 -48 -73 20 -99 -18 -60 -49 75 20 -7 14 92 -49 77 40 24 34 46 -23 43 57 27 9 40 90 77 32 16 -60 2 -47 -9 -90 -35 78 42 -53 -32 6 29 16 -88 79 21 60 94 -13 -17 11 -3 54 -47 32 -29 5 86 -40 32 48 -20 -56 -59 49 -17 -23 -25 24 58 83 -16 -82 -44 30 87 -41 -83 43 -15 -84 -21 90 -42 -24 23 
-61 41 20 -1 -69 -68 38 -72 -62 -87 -33 43 -30 2 -23 97 -11 -13 5 76 20 -53 -36 -53 -81 -86 18 57 -34 -81 -6 21 90 -86 -60 -84 60 -37 4 -33 -36 -98 37 -98 33 35 15 12 84 26 -49 19 96 -42 93 91 96 -30 -83 -91 52 26 25 87 35 -62 74 -24 15 -61 46 79 -84 -92 -19 -72 -23 3 -44 -22 25 29 80 -41 73 37 -68 -83 -9 45 43 64 -68 -73 59 -17 -14 96 -29 73 
-50 -55 -10 87 69 -47 10 83 97 90 63 -19 -78 67 -21 -54 9 -44 85 -7 53 80 60 40 37 -49 -90 -72 -44 -24 -50 66 96 5 -87 -12 84 -2 -17 14 -83 -35 89 27 72 -34 12 43 -5 -95 -70 82 -90 -37 79 45 9 -80 68 97 2 -52 36 -84 -15 84 46 66 -91 -5 -87 -66 14 -80 55 -17 -32 49 -80 -50 44 57 -58 63 -86 -70 55 20 -72 50 53 53 -3 -98 -47 -95 -96 -20 48 -87 
-33 94 -85 82 3 37 -73 34 3 12 -81 -16 -21 -76 66 -8 77 34 -81 16 -94 52 37 81 28 -50 -69 -14 -76 -28 -99 -88 -82 -33 -48 87 59 49 -13 -79 24 98 -55 -84 15 -97 -10 -93 56 74 -73 43 -42 97 -67 53 2 12 71 -80 11 37 -55 51 -79 -66 0 16 -33 9 11 -98 -3 -73 55 19 -74 83 -48 -72 -17 -55 47 96 45 -16 37 83 56 -61 -48 -56 -57 -81 -26 45 -80 75 -94 85 
-91 -58 4 89 22 72 14 -38 58 -3 57 -84 -34 49 51 80 55 76 65 48 49 -62 63 -27 80 49 -54 55 -60 -9 -36 -21 -19 -51 -19 78 -99 -40 66 -6 24 -55 -44 55 58 -24 -51 -52 19 19 -63 -21 61 96 -32 -81 -71 77 -46 98 -57 96 -78 -90 35 -35 -56 99 52 97 57 -60 -19 43 34 -29 -54 -37 91 -16 -20 -51 42 -56 11 14 -56 -19 -87 69 -62 -93 -15 34 -30 -75 -38 30 -63 -19 
52 -68 -8 94 70 91 -77 71 -46 94 0 -55 64 60 -17 -24 47 -79 21 -85 -83 -29 -18 -77 44 -99 40 43 -31 -48 1 -66 -34 -15 88 15 84 -38 -38 46 -92 21 22 76 -38 -84 -66 19 93 73 -30 -73 68 97 21 75 34 6 31 0 10 96 26 80 10 42 20 85 -94 56 16 -87 -37 -27 23 11 24 52 -48 37 70 14 -35 -44 1 72 -31 49 56 -18 39 72 -78 1 -21 -39 -10 15 20 94 
-63 -25 -92 -68 -50 -33 56 -93 35 -17 78 -58 -69 -38 53 -71 81 -87 83 -1 47 72 -46 92 63 46 -37 1 27 -27 3 -46 80 79 -18 -8 14 -47 -26 40 1 -80 -91 -78 -4 -73 68 5 42 9 -27 87 96 55 -54 -83 -24 -33 -72 -85 -81 -30 90 33 15 26 -98 -81 -74 -8 80 -4 3 56 -78 60 -4 2 5 -43 -52 62 90 -93 -87 78 -86 -50 39 47 -95 81 -6 96 34 -70 99 -77 -96 -9 
-6 51 -77 -62 -62 -69 46 5 -2 90 33 11 -44 66 62 21 35 93 54 -15 68 23 -8 4 -12 85 -28 79 41 -7 99 -38 52 -71 -41 -40 -90 -82 99 64 -87 7 -95 -50 -48 -96 -79 -36 -93 44 -39 47 -5 20 -97 33 33 -23 -43 15 64 45 -45 95 -99 -99 83 59 -42 74 -63 13 84 74 14 -33 -3 -48 14 -70 7 98 56 -85 -33 90 11 17 -17 -8 68 3 -29 -51 92 64 -84 8 -4 -53 
-9 65 -85 69 -14 -25 -50 41 -52 -78 -32 -54 -63 -98 -88 -69 -70 63 -54 -88 -84 21 20 51 -20 35 -8 -66 -34 -54 -50 24 -97 34 -13 -81 -91 31 -3 44 7 4 37 72 -53 64 72 82 1 -62 88 16 -58 -23 -33 84 -19 -13 -54 72 -24 -85 53 -98 24 88 95 -57 -56 61 74 -71 6 66 58 1 13 -2 -34 -58 -40 -73 -80 8 8 -24 81 26 -45 20 -30 -57 32 -75 -17 68 -63 54 -30 -40 
-84 -7 17 -45 -60 -19 -29 -57 60 83 -30 12 -37 40 45 -70 49 -97 -88 -3 36 -26 -84 -52 40 78 7 -69 -88 44 -24 7 71 90 69 -67 56 9 74 19 41 -17 -88 -51 2 -42 -77 -73 -9 68 -37 54 -34 57 50 -24 -90 -8 -52 -16 -47 -89 19 66 90 -8 83 -70 -26 -3 -78 -41 -44 -58 -44 1 20 75 -72 13 -33 -92 19 5 -77 -57 -1 4 24 -26 -36 -3 -54 69 42 -3 -48 58 -42 -87 
60 46 -84 98 23 21 68 -26 86 93 -67 57 -48 -38 8 -62 76 -54 -8 -55 -57 -5 -75 -60 91 -70 27 -8 62 -47 46 83 60 87 56 -20 26 38 -19 16 -35 -85 -75 -74 36 -22 8 95 58 -57 46 26 -46 99 25 66 95 89 -36 77 77 -41 17 -56 -80 53 51 -35 1 -98 -22 12 57 -45 11 58 -39 83 -30 -16 -95 -84 -53 21 18 81 85 59 52 80 -17 42 -65 42 47 53 -1 -25 97 87 
-49 79 -65 -53 0 26 -34 -47 37 53 94 54 -41 51 -96 -22 9 18 -48 -34 74 -48 -29 86 -11 8 58 59 -61 -12 -43 -92 -86 95 -32 -7 -72 -6 -24 2 -29 -59 -75 64 7 66 28 12 71 28 -49 16 92 -12 -52 38 16 99 66 53 -18 -78 67 -94 -88 18 52 20 -55 5 -24 -73 -85 -85 55 -52 54 90 10 -23 -47 88 -28 14 62 -44 53 -32 -81 -10 47 17 -85 26 31 -97 91 -62 79 8 
30 29 -48 2 4 39 50 -37 54 -66 -16 -58 77 -78 74 80 78 10 -74 -78 -46 31 -61 25 -20 -98 -28 -90 -59 79 87 -18 12 45 -79 99 -85 45 92 -17 51 -38 14 91 -17 -80 94 55 -26 33 -82 45 8 -53 -57 51 51 -78 -31 66 -82 -97 -27 22 96 83 46 87 30 46 36 6 20 88 35 4 6 -96 -69 20 -81 -19 -99 21 18 73 -33 79 -75 -12 -40 -91 9 -30 -99 -81 -43 58 44 -30 
-73 -58 -66 60 -76 -66 7 81 38 87 39 21 81 11 -83 -23 -90 -7 -53 54 92 -79 -14 40 46 -34 17 -60 -40 -65 15 -22 -86 -11 -47 -59 -92 -74 15 11 -42 8 79 -58 -33 -62 -93 -88 -11 39 14 11 -42 -5 -6 58 -80 -16 -12 -47 -52 41 -4 52 57 -44 62 -17 -35 -77 46 93 -30 -31 73 -40 42 62 -9 -46 86 -35 39 -12 -71 80 70 73 -33 2 50 32 45 -76 -35 48 -49 76 65 13 
-16 74 -37 74 82 93 95 23 39 -87 -33 -26 65 -20 -32 -61 -14 61 64 91 36 -9 46 -50 29 6 37 -63 64 -63 16 14 -63 -64 -74 -92 -92 -33 31 39 -57 -33 78 33 -24 93 -58 -84 41 16 -85 40 -81 -35 -29 78 10 -80 -97 74 22 64 34 -46 -4 18 -93 72 4 32 -97 64 82 -71 -27 49 73 -73 -53 -22 3 -44 64 69 -6 65 87 -52 -68 67 -99 -64 -53 21 40 -49 -42 -16 -19 -24 
42 39 10 39 52 22 59 -12 -36 -86 -23 76 -46 52 -97 73 9 -36 -7 -6 -26 -2 87 -56 74 -52 5 69 14 -56 -62 -87 -56 -94 13 -48 -22 20 98 -3 79 -17 48 55 69 81 -56 -89 96 -83 66 28 -45 -51 -20 -92 96 -73 -85 65 -73 -92 -49 -38 16 -88 54 77 72 -69 -23 -86 -31 98 43 1 -46 -89 19 -43 33 17 44 80 53 48 48 58 4 -30 -47 13 14 85 -79 -56 68 30 4 55 
63 -76 -97 57 69 -70 -81 89 -21 -73 14 98 -76 -11 -29 98 24 -45 96 99 76 -74 -65 -94 -41 51 42 -72 -40 -57 14 -96 22 -28 82 7 -62 2 -37 -31 -69 53 -83 25 -78 44 -40 16 -43 19 79 69 84 54 -52 -45 60 69 -30 -60 92 -21 62 29 27 94 86 97 -89 51 48 21 28 -52 -82 -66 -44 -56 57 -9 71 66 -96 28 -11 41 -94 81 -33 42 37 78 -69 59 58 16 -21 19 -3 18 
27 57 -15 -36 -88 96 30 -2 -66 13 17 -95 26 63 79 -21 -77 23 -21 -10 9 13 -60 38 30 -39 -30 60 57 78 -75 -54 77 -1 55 -82 -18 26 54 39 -9 78 -66 -60 67 -89 38 72 -9 -2 -13 94 -83 67 80 -18 81 87 -68 -79 56 42 5 -41 -68 51 -16 -66 -22 18 -90 -72 58 -1 -8 22 -16 -27 -47 15 -33 67 45 -79 54 -96 -62 43 9 76 -75 59 89 36 -27 37 45 54 -81 -15 
48 -89 87 -98 -68 -44 67 -98 1 82 -54 38 52 23 -78 -58 -66 -88 -25 22 -97 63 -62 67 93 -76 -50 60 -66 41 -9 -74 60 15 88 -71 38 83 99 -99 -84 -40 -36 92 77 56 -95 -49 -52 -96 -82 -30 59 -92 41 -60 -72 -55 89 4 22 55 -39 23 3 23 -64 -16 4 73 75 -57 -99 39 3 -86 22 15 13 79 -20 8 18 3 40 44 60 -77 35 -46 26 81 -99 -43 25 -66 -71 76 29 -12 
38 8 -57 -16 -5 -34 7 21 -23 16 -25 77 37 -21 18 75 -49 -30 -10 -37 63 28 53 96 -70 81 28 -97 24 36 43 -5 62 99 18 -42 -31 -3 2 -2 25 -87 18 1 43 -40 67 94 -69 -84 73 27 -23 66 -35 -33 1 25 96 6 91 9 0 96 81 -57 15 -79 -70 -50 51 -29 -12 35 7 -75 57 -79 -52 -19 -6 17 -43 -53 -42 -38 -83 -18 61 -45 78 -68 80 -37 -34 83 -30 88 -95 -68 
70 -72 -94 -5 -67 -84 35 6 -86 83 -79 -36 -27 96 -73 -45 -3 84 -94 -29 -3 95 51 80 22 -75 25 42 32 36 56 0 -32 18 53 -99 6 -17 39 90 83 15 -99 84 10 28 15 19 65 -14 93 15 69 -81 95 -84 65 -39 -81 -32 -57 79 65 67 8 -14 32 90 -42 -88 -2 -7 74 -89 20 91 98 -24 -10 -6 81 23 -50 -38 61 78 -42 71 97 70 51 -98 -84 -81 -40 -49 5 74 73 27 
-17 21 -63 23 64 -75 -3 82 23 -26 -93 -91 -98 -3 38 -88 35 -24 -70 -9 -35 -21 -38 94 -20 -57 92 96 -88 -24 -76 63 49 -54 0 32 48 47 -15 85 -4 -91 72 46 -71 42 -20 -56 -69 10 -13 -86 89 -10 77 49 30 61 -5 34 78 19 67 98 -34 -33 -62 68 -12 -53 64 -95 -26 -64 79 -94 7 -10 94 -25 11 21 29 37 -23 -13 -20 -69 -43 -89 32 -78 35 30 21 4 -61 -99 36 -37 
-39 -57 -41 15 2 59 -61 46 -12 -6 -45 71 -55 85 98 -71 93 60 -32 81 -31 -34 96 16 35 75 51 9 -9 -42 36 84 -77 -61 -54 60 -9 62 -2 -1 12 54 71 36 59 39 -79 -22 63 90 27 -58 59 -17 34 -88 31 19 40 7 -24 45 30 98 60 -94 -95 -10 75 -82 -57 -34 -68 -66 -24 -6 2 -8 47 -26 21 -48 58 26 93 -8 -17 -70 -70 48 -68 -34 69 91 94 31 -16 30 15 71 
-47 -62 56 -22 12 40 55 53 85 -9 92 72 -81 -62 -96 42 24 -74 -85 68 82 -72 56 71 -93 -83 -37 42 -30 10 -32 90 -78 54 74 -60 4 -68 -16 74 -45 -36 38 -53 -18 3 -5 50 44 -98 60 -38 -34 67 98 -98 -82 -28 18 -62 -21 -53 27 84 15 -47 33 11 66 45 -77 70 87 -99 86 29 -90 -35 27 3 -91 19 66 45 -63 -14 86 10 11 16 3 21 -75 40 74 44 88 32 72 27 
-21 62 61 -99 35 14 -41 52 27 -7 -22 42 59 26 -63 68 21 26 -26 -51 -76 -69 0 47 -58 -93 68 30 23 -48 -82 30 -94 37 29 40 22 84 60 68 83 -51 62 -87 -13 -2 58 68 51 74 73 -69 8 98 87 65 -33 67 -83 -31 30 21 26 28 -83 -48 69 11 -77 11 80 15 42 91 65 -20 -52 16 -5 -75 -28 42 57 -6 -7 98 -71 -32 -12 -71 -50 -19 64 -34 96 49 83 66 34 -59 
-89 28 93 -12 86 75 -1 -52 -33 -83 14 -13 90 39 -75 47 -47 40 39 -44 -29 -37 38 -69 -42 40 -4 35 -61 83 29 50 68 -9 -40 -5 -19 -14 -14 -74 -63 -61 24 64 62 96 -35 62 84 -1 28 -68 -62 -78 85 -96 20 -78 48 -53 50 37 61 2 44 -95 -12 5 -46 -77 61 21 -6 98 -46 59 -4 -5 -44 -35 -26 76 7 -32 -3 -18 83 -10 -57 -63 -12 -89 -82 52 66 7 -67 -26 -88 88 
90 8 90 45 8 17 -60 -73 -13 -37 -51 65 -84 28 -59 9 35 76 48 79 -55 -81 81 76 -23 -47 18 -50 63 92 -50 -56 -44 -53 20 -22 54 -98 -64 -82 72 -66 65 72 -69 20 -54 38 -85 -21 -30 14 -20 60 12 0 -62 -86 -8 26 -92 32 -18 7 85 -17 -82 38 -79 50 15 -80 66 -23 2 48 30 21 41 -77 20 88 3 -50 -85 -67 -22 32 61 -46 52 -79 -62 10 -54 -3 -52 -77 -56 -76 
77 26 -5 15 -44 10 72 68 85 -59 42 14 -74 68 98 -87 5 -3 5 -42 -13 96 99 69 67 -2 45 -56 0 60 -54 84 -54 89 -47 65 -25 -59 18 83 91 72 22 31 -3 77 -12 17 -62 31 2 88 -23 29 49 -91 45 65 96 -85 77 49 10 -14 -30 97 -49 -41 69 13 82 -63 39 -60 65 16 29 -33 -77 39 -45 31 -18 -49 -44 -4 14 -4 9 -63 85 -60 3 21 30 6 -32 -30 -15 17 
-61 47 -91 -95 19 94 -23 -5 -33 -55 40 46 -34 76 -31 21 -17 72 -54 -45 -27 24 97 -86 67 -10 -18 54 -51 -32 -14 94 -60 2 23 25 -43 61 77 -89 67 -52 39 67 79 -50 50 38 -61 72 -96 -69 -94 -56 72 6 17 78 96 -51 -29 19 79 -72 89 37 25 -49 57 63 -66 -25 70 -36 92 56 -80 -23 87 -85 -27 -4 74 65 49 -65 -65 11 76 -84 -59 22 99 17 21 -54 -95 -60 -77 66 
28 10 2 92 -17 52 -17 -67 16 88 -88 -54 -63 53 -90 83 57 -85 -79 -26 10 47 -84 -64 39 37 -74 -94 -30 61 -54 82 -37 79 -96 78 -60 -3 -68 -12 -93 -86 35 -45 -47 87 -85 80 -77 50 82 -69 -46 -41 20 39 -47 17 76 -35 -99 96 32 79 -18 -11 -22 73 0 -29 67 -27 94 -82 -24 -23 -76 18 48 41 -65 -49 4 38 3 13 -21 53 -11 38 -81 1 -28 -84 92 -16 -65 37 77 94 
-54 -61 -2 -79 25 -16 41 1 -89 54 -8 -57 -3 -7 -82 -44 -92 -12 -33 -29 30 -87 -17 20 -29 91 -56 -97 19 -55 59 78 32 -89 -93 -31 17 21 -61 -94 -18 79 6 -93 -27 -78 -99 49 97 30 -49 -26 -11 -14 -62 69 44 32 -50 92 -14 -22 -13 9 41 -78 3 9 2 -26 -49 11 -15 -75 97 35 -22 -7 23 -96 22 -4 63 85 52 27 77 9 -1 -23 4 -38 46 -97 95 -20 34 -52 -98 67 
0 0 7 -43 -68 88 25 43 17 -88 91 52 99 -79 -34 32 49 -76 89 -37 -57 20 -91 21 53 20 -95 -15 -90 -30 -61 6 -21 -66 54 74 -61 82 84 49 -28 -53 -66 -56 -71 10 4 57 -12 4 58 -82 -20 65 10 -68 -9 -71 23 -49 -57 -91 -40 17 73 -56 74 -73 -50 -66 15 -44 -77 -4 44 -30 22 -47 -24 27 -54 -10 -39 5 -41 -58 80 -7 -27 -9 -79 -22 -40 -37 -27 37 -13 -89 -89 45 
62 99 87 55 61 -38 -27 26 58 -66 -51 99 0 -13 -73 52 87 88 91 -50 20 28 -22 43 -72 -10 -84 0 -30 -87 -23 -93 -13 -80 72 -94 0 -22 -47 59 -74 85 -68 99 -30 -12 35 68 35 90 76 -17 58 7 -42 75 -11 64 86 -47 61 35 -77 -5 50 -36 -80 -48 10 -92 -54 -71 11 43 -91 32 -46 -70 -59 58 -86 -97 66 -60 25 61 40 94 -69 -47 75 4 -71 -98 -63 24 -64 -37 18 5 
-85 52 9 20 10 95 -30 49 4 11 -13 -49 -64 97 74 -71 -78 10 -12 -25 -30 -36 -78 9 -76 2 -6 51 69 -88 28 -92 10 -24 8 -42 40 30 -21 -2 -70 -83 -92 -21 21 -29 42 44 29 3 -34 29 99 67 62 -77 43 5 90 -78 -56 54 -81 18 -48 61 39 -45 1 86 81 90 47 -96 -95 -12 -45 -7 23 27 -97 -16 89 92 -90 -66 60 47 59 46 -39 62 54 -14 72 -34 19 -48 -12 9 
-50 -25 -70 86 -97 -90 27 -70 -96 -51 -39 75 88 -10 41 79 77 65 -91 -25 -65 -23 -98 -87 68 12 15 36 86 45 -28 -58 -73 -72 -2 40 -73 -73 -64 -1 -93 -44 -38 -64 -48 53 -81 56 2 63 -21 -64 -81 -84 -89 -34 -24 56 10 -22 -92 4 -26 86 64 -67 0 -12 2 -87 -63 -33 -85 97 72 74 -99 80 -64 43 38 -3 20 -23 -66 59 61 59 90 -56 8 -5 -99 -82 13 39 -17 41 -41 89 
94 -55 -53 -10 29 -95 1 -10 4 -61 -36 86 -94 88 -29 66 -21 43 -35 -78 -5 95 -22 -81 45 25 -65 40 -87 -9 36 -51 39 -84 25 -6 -87 8 12 -23 18 59 97 -78 56 -10 -61 -37 39 -57 51 97 59 31 73 -28 -31 83 91 12 8 96 33 13 97 -70 3 76 81 7 -64 -59 73 -45 67 -64 80 16 -87 11 -92 97 98 59 -12 65 -4 46 -6 28 -97 88 -64 -82 -86 95 4 -73 93 68 
82 -26 79 30 -97 -67 53 -20 51 -77 -27 37 -82 -55 -87 98 93 -90 -31 -3 -88 -5 -72 -45 -23 -99 -44 57 -85 59 -6 -64 84 -62 10 -8 18 -10 -29 12 -66 74 65 -16 -53 67 -49 35 -22 -89 -89 -72 45 54 -86 52 -13 35 44 -36 -84 -83 -52 35 94 -81 -21 -88 -20 20 -99 98 81 98 -63 -50 17 -96 46 47 -89 47 -3 5 73 85 66 -64 4 -69 -10 59 84 -45 20 0 -15 40 82 -16 
51 -27 75 57 86 51 -11 91 -88 -86 -51 2 37 41 92 14 74 89 66 -44 -56 48 49 76 62 61 4 -91 70 79 52 -30 86 72 75 77 -2 -83 10 47 -74 39 -1 14 -10 -46 26 -14 78 63 -32 21 53 -93 39 31 -76 -65 24 -26 53 -63 -55 -20 -77 -30 68 -64 -80 1 69 -6 0 61 7 -29 -52 -89 29 -89 32 3 -72 54 44 -34 73 -25 -19 62 87 8 35 24 25 -62 -87 -76 60 50 
27 -15 -80 -5 58 53 -6 78 -7 -99 5 -90 44 51 -45 75 -93 0 -4 -88 9 -76 38 -32 -75 39 52 -12 -5 -85 -24 79 46 38 -78 28 20 -3 41 65 -12 -35 85 -63 -35 -52 95 -72 -67 -47 -48 71 -43 79 65 -93 75 -14 -77 -78 -34 48 44 -87 -5 38 96 20 9 97 -66 19 41 -24 98 -56 -51 -49 -74 23 28 -41 48 -54 -89 46 54 7 -74 74 14 86 83 98 20 92 -48 62 86 -3 
