-98 -27 -64 56 -90 -64 -11 -40 55 79 -7 7 57 -48 12 -51 72 7 8 -31 95 43 -88 1 8 99 -74 -3 73 -16 7 10 73 -18 -85 77 51 -96 44 -39 -78 13 50 -15 -99 -34 55 -19 -98 14 25 -69 -50 58 -63 -32 -99 69 -24 -11 -11 -79 87 -52 -10 21 -3 39 -76 -72 -91 -60 -12 56 -27 55 -26 38 93 55 -60 -63 -73 67 -44 -96 -10 -10 -27 0 44 89 -77 -27 -66 -26 45 77 24 88 71 5 30 91 -32 -81 99 -49 -71 25 26 91 -53 43 -49 13 82 51 -72 -4 88 -16 76 -83 43 -17 -17 -41 82 61 54 -20 83 -86 46 -29 53 46 -79 -87 -56 -2 -61 63 -65 -41 -30 97 45 24 
-84 -28 -33 -87 -46 34 -6 72 -30 38 -9 -45 21 -86 24 -7 44 -40 -49 63 -65 64 51 54 9 -2 23 -62 92 -35 -93 -84 -22 -91 58 80 1 23 21 -37 57 -69 -34 32 58 -38 34 -55 98 61 53 75 69 -18 -53 39 28 -58 -78 -5 10 85 90 27 17 63 46 60 24 34 69 -66 95 80 -78 -53 69 -82 -98 35 50 96 2 -20 8 3 11 -85 62 -44 -47 23 -21 10 -23 -14 -73 32 61 42 -74 -20 0 -18 67 -93 -91 15 47 99 51 21 75 6 93 18 1 35 -71 99 65 -86 -68 92 -82 -11 -13 31 96 -5 -60 42 71 73 2 18 -55 -94 72 -88 -64 -33 -98 -55 -15 -87 20 23 66 23 
-16 15 -88 -10 -32 84 -75 -71 53 38 -15 0 -99 -94 62 12 -43 -45 -83 -19 -83 -20 -73 24 -6 -55 86 -2 -31 -31 10 -76 15 37 -59 43 -68 -7 47 64 -77 77 68 28 14 31 -64 73 -46 0 9 -36 -29 59 0 -82 67 -93 -66 -67 21 15 76 -83 95 -88 27 55 57 -7 39 -15 -38 88 -57 85 -95 53 -15 -20 -7 -87 64 71 99 -17 64 61 -41 85 9 54 0 -79 -13 -27 36 53 43 98 -52 -76 -70 -20 23 -59 -14 72 -13 -44 -31 -32 36 86 -28 41 -95 -15 67 97 83 79 -87 73 13 83 -50 -33 71 39 -60 10 -14 18 -70 98 -84 53 74 -32 66 -5 -94 -25 80 50 -25 15 -78 89 
-36 -89 -89 80 5 0 -56 -60 36 -40 -75 -47 1 -91 86 38 93 -83 -1 11 98 -23 26 -78 48 51 -47 31 -60 -62 -98 -1 -18 -56 49 -46 23 58 48 -76 -77 4 8 94 -5 12 -17 71 78 75 -74 47 80 -84 33 -71 -77 54 33 -8 28 35 -83 -19 24 -45 -85 -51 37 41 79 12 8 -42 28 59 -76 52 48 83 29 13 15 -77 -11 -86 64 59 39 73 -79 97 -12 -1 -68 -69 55 44 40 -15 -50 16 -64 17 -52 -76 -9 95 6 0 89 99 30 -8 -21 -65 33 -54 -7 -22 -20 -36 -52 -6 41 70 51 -84 4 -44 47 68 -86 97 55 -90 3 -84 9 97 19 77 59 -22 -36 81 40 -34 -99 50 
3 -34 57 -3 -83 -96 3 56 -73 -20 -22 0 -8 -70 -22 -60 42 76 -79 12 -15 -83 85 48 12 53 71 96 43 -79 18 -7 23 51 58 -95 -84 -98 -26 -98 -2 51 -81 42 67 -49 8 47 27 -12 32 -64 -38 13 93 14 -18 -38 -58 30 12 -73 -22 48 44 2 -35 61 -56 -65 63 55 81 -84 -44 49 54 -89 80 75 -69 65 -94 -17 -46 16 -96 15 -69 -5 -5 -1 77 21 7 -89 34 -39 7 44 32 -70 -32 -77 12 73 12 -79 -5 58 89 -18 -1 -27 -13 40 62 32 -31 6 -82 6 -79 -2 4 -64 -42 64 65 61 32 -20 -46 -91 -50 -65 -89 5 -56 -97 -76 20 31 -53 -19 -67 -59 -93 -26 -87 
-55 -58 51 35 40 92 -84 -33 -46 -86 -47 89 -99 -83 64 -13 -84 76 74 66 -40 -64 -27 5 26 -53 -17 -25 98 25 87 9 43 -19 72 -41 91 11 -62 -98 43 94 -9 -20 57 89 22 73 84 -36 -9 40 28 96 -32 -57 -74 67 1 41 -82 -9 -2 12 78 -60 77 -15 58 19 53 74 30 -37 -25 44 72 93 66 35 -56 82 -77 59 -87 -42 80 39 -33 4 -31 -45 -80 26 90 58 -54 36 -69 -36 -97 -79 -39 39 -43 98 81 -26 -47 64 -10 58 -36 -2 -69 46 -40 80 -72 -64 43 -23 90 -27 98 9 35 -91 85 30 52 -59 -40 -6 -37 -34 -75 93 27 68 -77 -18 58 25 -5 75 74 -39 84 -22 
56 -66 22 11 86 -43 86 -95 -56 -2 13 -68 -68 -31 48 65 85 -26 -73 -37 -11 81 50 -61 58 46 71 74 41 -69 -6 50 -79 29 -87 82 68 12 79 43 -52 82 -68 64 17 -27 -15 39 90 -40 -46 -5 -10 -48 27 57 24 -97 64 5 57 95 9 -64 84 -87 -6 -39 -79 -11 7 -46 -56 93 1 14 0 -68 13 -44 -73 28 28 -17 -23 39 -61 90 -85 85 -76 -75 53 -82 -89 27 19 19 -40 54 -75 -37 -52 -46 64 -99 35 -55 74 75 76 82 -47 13 30 -7 75 28 45 84 96 -95 71 -1 -78 56 -63 -11 -46 39 -89 86 54 92 -79 -88 9 -45 -77 -73 -86 -82 -13 72 -32 93 20 10 -95 16 
-62 -88 31 60 -48 97 -70 88 66 -36 97 -12 67 -6 98 -34 55 68 86 82 -53 95 39 46 -79 -12 -81 50 -3 -65 -93 -61 55 28 -84 -42 -27 -43 -9 34 46 -18 -74 -14 -89 46 -20 -37 21 -43 -18 23 -7 99 89 41 -3 12 -65 -72 1 -85 80 -12 -67 -92 -87 -5 -58 81 78 -19 -99 54 59 -39 64 -71 1 49 40 -90 45 48 41 -54 8 -48 36 -48 30 48 -14 -2 89 22 -54 -6 80 -90 -65 -37 -20 -71 -79 -79 -28 -89 13 -80 -13 -22 -49 -74 -89 -22 23 0 -6 -79 77 39 -56 -44 2 -2 -51 -64 92 76 -85 -25 -67 41 72 90 89 99 -60 79 74 44 45 -77 8 66 53 35 46 50 
16 12 6 84 -55 -45 81 35 -28 19 -29 8 53 80 66 78 73 -98 38 91 2 -22 31 -35 29 -43 -15 -28 -95 41 24 -75 -42 -14 9 59 54 -14 -61 -78 78 -38 -32 -76 73 -97 99 -10 -64 61 -93 6 12 58 87 49 -24 -19 -22 91 76 -89 -73 -35 47 60 -36 -11 80 -98 -16 60 -94 -91 -76 -66 55 91 62 -87 -73 -98 -17 62 -80 -36 -66 -82 57 8 49 -29 84 -11 41 -93 74 -66 58 -69 -62 82 -1 93 -64 -1 -42 -49 39 -52 69 -66 34 -69 -28 -47 -85 24 -58 35 43 73 86 7 50 -60 34 -81 75 -3 -60 66 43 -89 7 -30 -78 72 55 4 -61 52 77 -13 36 -25 89 -16 49 -62 
39 -50 -42 -92 10 52 62 73 -96 -43 34 -45 -34 80 -22 29 67 16 74 -46 25 21 -39 -86 -60 93 85 5 -79 -52 48 89 93 85 29 56 -75 84 -79 3 -67 -88 71 -33 -96 42 -67 -92 84 -9 91 -66 -41 68 85 -25 -59 24 -82 -60 46 -18 -33 -38 -94 55 -24 -85 -10 18 -70 33 45 83 47 -40 -13 -34 -9 -70 -43 -7 -55 38 -47 -57 72 66 -62 -21 -8 11 58 -30 -66 -21 63 -21 89 91 45 84 -19 14 -57 -91 97 -4 32 99 81 55 -67 -84 91 32 -31 12 84 -52 -86 -41 -23 14 -51 -86 -46 -50 -52 -27 -81 -71 95 -98 44 30 -89 -19 -74 -81 -55 -54 93 73 66 81 -17 -37 30 72 
48 51 -83 89 -88 92 -77 -60 54 99 -24 -32 -68 -1 1 37 -59 66 67 50 37 87 -23 -38 -98 -37 -8 -99 99 -51 -18 2 33 18 -21 48 -86 40 27 -35 66 -95 -71 35 28 -58 -44 70 -28 93 67 -49 8 99 -95 18 -35 -3 -81 -56 32 -58 8 -50 -17 78 -69 -60 -4 -15 -21 -18 35 -58 54 99 -13 -33 35 -53 -11 -86 -71 76 -83 63 -33 0 75 79 25 50 34 2 -43 24 -28 -46 20 50 -38 -46 -82 91 -55 11 1 -52 11 -38 62 -79 -58 -38 -94 13 -85 -3 -29 -23 -82 62 -69 -2 27 -83 84 -38 -94 -40 -34 -55 89 52 85 35 90 90 -52 -31 84 -74 -26 94 -15 -49 -55 -12 -29 78 
67 87 -20 -15 31 -80 30 -85 -37 14 88 -97 78 56 12 78 -97 -65 -34 -44 -73 23 -85 29 -45 -32 -81 -23 -99 26 -66 -23 53 89 43 -44 -67 -78 -74 -7 4 83 49 -11 60 -81 -96 81 -9 35 -25 45 49 53 -47 16 43 56 -30 -88 95 11 -63 46 41 65 -9 -16 -84 -27 41 -40 -5 46 66 -29 -93 30 -1 52 13 13 -58 37 16 -41 11 -87 -35 1 6 -71 96 -10 54 -98 28 -85 -54 51 85 61 -63 -94 1 -27 38 62 -33 -29 -52 -83 19 58 -71 -31 57 25 87 -75 -13 35 -62 -50 -33 74 91 55 -29 -30 54 24 -32 51 -5 -67 5 -61 85 -94 99 -66 -17 7 51 -45 75 52 -42 74 
-3 -84 25 -69 -38 -92 -94 -96 -20 17 -30 -16 52 -21 78 83 21 37 19 36 75 3 72 30 90 -97 -17 -33 9 -59 -68 -78 87 -77 -5 49 37 -35 -6 -69 16 71 13 97 65 5 -55 -19 -2 -38 -5 54 7 -45 49 10 -14 71 -86 -21 89 -83 46 -94 -58 -31 -90 -46 81 -16 -67 -19 -15 32 4 -12 -99 49 -23 -78 26 -17 92 -48 -49 93 -31 -29 36 -16 2 65 -27 -79 22 38 -21 -51 86 86 -38 -72 -57 59 47 -76 37 0 81 92 55 -14 18 50 19 -34 98 -22 9 46 12 -99 43 -6 77 57 72 -34 42 -40 -81 63 -23 -26 -83 44 64 39 86 73 -54 24 97 -18 -47 -37 -4 68 -66 -37 
-30 -65 -76 -5 -38 -83 68 -69 32 -29 -74 -37 -77 -48 35 33 30 14 74 87 58 89 36 79 -78 23 61 -28 9 17 87 6 -88 -87 61 26 -59 -35 62 25 12 -84 -22 61 66 57 26 46 5 -10 30 -70 -40 98 7 -83 56 -64 15 -92 -30 18 77 -12 62 -53 -24 -75 -36 30 -81 79 34 9 77 11 -5 83 26 -40 27 60 10 59 -22 3 -55 47 73 -29 42 -75 43 89 75 -30 59 70 -57 -21 22 -45 -3 52 -67 -40 80 30 -73 83 90 -93 -93 -36 49 -12 11 -64 -17 20 83 -66 -29 2 -53 6 2 58 46 54 32 -49 -70 9 59 56 -78 89 46 -84 13 -77 85 -98 -58 85 74 45 41 -77 
-62 69 91 -29 -12 33 -32 81 29 -94 46 -94 42 -18 -67 20 -13 -69 -60 -72 -33 -96 6 -66 90 -21 -89 98 73 -36 88 65 32 16 21 12 -1 99 -96 1 47 33 -73 -92 51 -5 -39 -55 -26 94 68 -98 -78 54 84 -34 -93 -32 -64 -74 50 -4 85 26 -42 75 49 -94 82 0 13 38 -76 63 -91 -94 90 -24 -62 68 -47 -94 -12 20 -94 37 82 20 -48 -44 55 90 -7 -71 -55 -7 76 64 6 -31 -85 -73 54 -7 11 53 -96 -78 35 -66 87 3 -47 -29 -23 55 -41 28 -41 28 -43 -56 25 -11 92 -99 -76 4 -80 16 -37 -66 62 -79 2 -87 98 49 -73 92 -97 10 83 -82 -99 22 -63 -1 88 -74 
84 -49 -43 2 18 -61 91 70 -5 24 10 34 27 69 76 -42 5 -94 -6 -9 -72 65 74 46 -63 -54 90 -14 32 -55 -70 90 38 72 99 9 90 -70 34 -65 38 41 56 35 -81 20 -28 -27 -34 -43 -61 -62 47 79 14 -70 -11 62 -57 9 -31 58 26 -7 -85 41 57 -5 -33 -78 -45 83 92 -40 34 27 -32 9 51 44 -75 98 10 -8 -3 -22 -68 83 -50 76 9 73 47 20 -51 -90 -90 39 -10 95 31 -34 -85 -4 -81 43 21 -77 -32 -49 56 74 4 67 -62 -60 20 34 -6 -6 -76 -9 48 -60 -54 22 79 -76 -6 -91 -14 84 1 -79 -36 60 -81 -27 52 55 32 -39 65 -62 51 -82 -20 13 -82 -36 
-69 -73 -15 77 -94 41 -72 23 66 28 95 53 23 -51 -27 71 -63 -98 56 81 63 25 -13 -19 -49 -90 -12 65 -63 38 44 -39 63 83 -21 -28 55 37 -3 33 -29 27 -63 21 74 -31 0 -63 97 -60 84 16 -43 -27 -72 -88 -76 21 53 -24 -25 93 48 63 -60 -73 56 -25 -87 12 49 7 40 -21 -44 64 94 60 -47 29 -46 -63 -37 32 65 77 85 46 -34 -51 81 -29 57 87 -50 -72 -13 -30 -56 73 55 20 -87 18 20 -22 58 -55 -37 -85 66 73 90 -2 -93 84 -93 73 -2 20 83 61 -2 -86 -29 45 25 -67 -48 31 -66 35 -89 41 -76 -70 81 65 -8 -73 -92 55 39 31 79 10 -1 -37 -36 -32 
35 -3 -22 25 -69 36 -42 -56 36 -91 -27 -45 -8 -58 -4 -9 -60 50 71 35 33 55 35 -28 35 76 83 63 9 -81 84 -44 -91 58 -59 4 -12 49 -72 74 41 -15 70 54 60 -28 61 -37 19 75 -55 -21 -67 -36 -23 72 87 48 -43 82 -16 -46 -63 55 86 15 72 -58 -1 -39 -5 -90 -27 -32 -1 13 -8 66 -90 48 23 84 36 59 -98 52 -59 -14 -23 -99 -4 -70 4 -77 65 35 -57 -41 -71 46 49 21 24 68 -31 -79 37 68 -86 16 -68 -49 -60 -2 -32 -13 -3 29 21 63 84 -10 -51 57 -52 52 -23 43 43 40 -85 -28 -2 -99 -28 -49 10 -45 -55 -70 9 -41 -57 -96 -19 -61 -59 91 -57 87 
-39 -97 -19 -19 -45 43 -38 -35 -16 92 -17 96 -45 85 -46 41 -9 -16 -45 44 58 -43 9 -67 -30 24 97 -69 -20 12 15 -92 8 52 -19 74 3 61 -84 -68 21 -30 -68 75 28 -11 90 69 50 -68 -77 21 8 -84 -57 -3 -46 -79 -74 -78 -74 -94 -92 -54 73 -92 64 46 -16 26 -94 5 83 64 47 69 -31 -72 -65 -49 -59 -34 48 -36 13 18 -16 19 89 -75 42 -11 -53 45 81 -12 -6 20 93 -73 -1 62 -60 4 -43 0 15 -63 -29 -4 -72 -44 -39 34 -31 -73 0 90 51 -31 11 -59 30 62 52 -50 21 11 23 -89 36 20 -43 -57 -93 -79 4 32 -8 -93 53 -13 92 3 38 -47 -83 78 -3 7 
-60 22 -23 -17 28 -22 28 -21 -97 -55 70 -80 -10 -75 13 -51 5 -68 4 -71 15 -3 -90 -27 -78 -72 46 95 77 -69 74 -66 -32 -19 89 -47 -77 50 99 8 40 24 71 -54 19 -79 -46 96 70 -97 -57 5 -89 -6 63 -92 -60 -34 46 19 -93 88 5 79 -85 70 37 -69 -30 74 -28 84 -91 27 -68 86 34 -42 63 80 39 80 22 97 -46 10 -6 -48 90 7 -61 70 98 66 -7 -13 70 -4 -44 12 66 66 -95 76 -28 0 40 89 -53 99 -42 -95 -4 74 72 84 67 18 -26 29 23 -12 40 -18 -73 -82 -4 -27 81 -87 0 15 -26 1 -51 -88 27 -74 -56 79 92 16 13 -87 -23 -66 52 77 -45 -78 
-27 48 40 -38 -10 -41 -75 51 54 -95 -16 -3 77 -59 80 -20 62 -72 -37 44 -94 0 -29 91 -6 -51 -71 -49 7 81 12 -26 -14 78 -89 17 40 -67 10 42 81 -61 -48 51 10 31 65 -31 -8 11 -5 14 -42 -83 -77 -53 -76 21 62 -9 9 -66 20 7 13 -16 96 -74 86 -47 38 -1 11 -96 -4 -16 -52 19 -53 -18 42 19 -1 -26 79 -67 -90 50 -74 72 -57 11 -49 2 -49 83 -80 -49 37 16 22 -24 -6 78 -94 -8 97 -4 64 -17 -96 40 -65 -11 -18 -83 55 11 57 28 -25 23 -1 13 -51 10 -15 12 -58 89 79 -84 -96 74 -27 3 34 38 94 40 4 31 -27 -86 34 -76 39 -26 27 -34 
-93 -8 57 -34 -40 87 -86 -68 -58 -50 85 -80 37 62 -71 -48 -65 -60 32 -82 -89 -60 -48 95 49 73 -65 -17 41 13 4 -71 -95 76 -75 2 -95 85 2 12 9 57 26 -37 -87 -45 -92 70 -75 -49 -49 -79 -38 21 79 -44 -73 3 64 29 -90 -28 36 -10 55 42 -13 -19 93 23 21 66 -19 -45 14 44 36 18 53 -96 -42 74 27 59 43 -90 -97 -51 43 -50 -1 -28 -45 -59 -11 11 -86 36 -42 20 7 5 -79 -33 25 -40 -12 -42 -15 -26 66 30 -79 -30 43 -83 -2 -50 -55 -28 90 -82 64 83 -89 66 6 35 -79 21 -5 98 87 76 67 -5 37 -27 -16 11 -96 -50 38 17 34 29 40 -20 -3 -85 
31 63 -86 98 -56 47 72 71 -87 76 11 8 83 -83 84 88 -21 -81 -55 -59 46 -54 53 -98 -52 26 80 73 79 -94 59 99 59 -52 28 84 -3 51 52 -75 16 -25 87 98 77 -81 93 -81 67 18 63 39 22 -67 -96 -48 2 -9 94 -54 -39 -96 -78 12 64 -74 -76 -5 4 29 2 22 -81 -29 60 -64 76 30 -9 35 -85 47 -36 27 82 47 2 18 86 -7 8 -44 -8 92 -94 18 -70 8 -58 -85 60 -11 99 25 92 -82 -18 -94 -96 83 53 -50 67 79 28 61 9 44 -86 87 -90 81 2 -19 -45 75 -79 1 99 -83 -52 98 -88 39 49 49 -50 93 55 -12 -80 61 78 -59 22 92 74 15 -72 81 
-62 -22 -99 56 -20 -35 81 9 89 -80 -77 -6 -98 47 -38 83 51 -14 7 -62 -88 90 -56 5 85 33 -67 -9 81 -5 58 3 44 -81 -35 66 19 -7 65 -38 -22 26 9 51 -62 12 -25 -60 -47 93 55 50 31 -30 1 92 87 83 -11 18 -84 -46 36 -7 -39 35 -49 67 38 1 -42 -87 -50 -9 56 -32 85 -84 47 -96 73 -72 65 -25 -32 -63 14 -72 6 50 67 29 14 -94 89 -89 65 -78 19 62 -44 57 76 -2 17 15 -21 91 58 10 -82 -52 -17 -59 43 -16 14 81 92 56 46 -79 -22 -75 37 22 -12 -80 72 19 -23 37 -69 16 -17 20 24 61 87 -50 -57 35 56 56 65 -91 79 4 82 -80 
45 60 76 13 -21 -20 -72 17 98 96 -75 52 -72 38 -87 55 26 34 75 -59 1 -72 84 30 76 -14 -71 12 63 -20 -30 -55 76 -76 21 -24 -34 42 61 -92 -41 14 27 -78 84 29 11 78 -11 -49 49 71 39 -35 -23 40 44 32 -1 43 74 65 11 28 -16 -54 -80 51 41 85 -38 -24 65 1 33 -74 -87 -25 -38 37 42 -1 -15 -87 -88 41 -98 -92 -34 -2 -58 -10 62 -73 67 75 -91 -12 11 -18 96 -10 -3 -58 -67 -36 66 41 -14 43 72 92 47 54 79 5 89 85 -18 45 47 -3 -74 -26 -96 5 68 84 -86 -63 42 -89 38 -2 85 -44 6 -48 -55 36 41 11 64 -93 -15 -45 -70 -57 32 -3 
25 46 7 40 52 37 -39 -98 28 27 74 63 90 -54 28 -48 9 7 88 -63 63 28 29 93 -88 57 -30 -23 15 96 49 -28 27 33 91 52 73 85 56 10 90 92 15 -18 -41 -81 78 2 -5 64 5 62 34 61 -85 -56 -76 73 -14 8 18 -91 -6 81 32 -13 -84 -12 -79 28 -17 -4 -46 -9 -89 -66 91 -22 13 -35 18 35 5 -96 79 69 49 13 -90 -56 93 49 26 -68 -39 -37 87 1 79 88 64 69 54 -77 -73 -74 85 2 17 -97 3 63 85 33 25 86 -98 10 48 67 -35 -95 91 53 -91 -69 -74 77 -81 8 26 37 -98 -5 -8 7 74 -20 -42 7 -17 -53 -18 51 -36 5 48 55 31 -62 
77 -28 -99 -53 15 85 -80 34 -13 -67 -59 -55 -11 -60 44 19 -61 -7 -97 -59 95 -35 -84 36 80 57 -15 51 -93 -20 -95 48 3 -1 37 31 -35 59 26 24 83 -20 88 88 45 91 95 -64 -54 -49 86 -15 43 24 35 -63 73 88 65 -65 81 11 63 67 -20 -43 -65 28 -57 -63 40 43 27 -57 -92 71 2 57 -69 63 -55 -80 94 82 89 -79 54 -28 -62 -73 79 -45 -60 -27 98 -12 63 -15 -4 -34 70 30 -91 -17 96 -27 46 -52 -61 -48 -81 36 10 -44 -60 -42 55 -31 1 10 -28 76 -82 -19 6 40 84 -46 -18 -79 -43 -47 -75 4 -34 -56 -75 -65 -22 86 54 -10 31 -75 -3 -31 -86 -52 -28 92 
31 57 -40 61 -80 63 2 -33 28 56 -5 76 -93 23 84 98 33 51 -95 74 -17 83 -86 2 -10 40 74 -10 -14 -78 69 45 75 61 96 -21 39 89 -95 -70 12 -71 45 56 72 -69 -20 -41 -96 99 98 -7 -47 37 52 -85 62 -57 0 4 21 44 46 55 16 -41 -64 96 88 -98 -48 88 -2 45 -21 -44 17 -82 -34 -39 -93 -10 -60 -9 -94 87 -17 36 13 2 -81 -64 -46 71 -7 -93 -33 28 -63 -10 -61 71 -6 -54 -56 -92 -1 -68 -2 63 -90 70 -8 10 25 88 71 22 -98 52 -76 -75 78 76 27 -26 83 -60 -23 8 10 -58 65 16 63 44 -59 96 15 71 -71 -75 -12 63 62 95 29 47 55 -92 
24 60 72 69 -18 70 88 52 -40 -76 32 -19 -80 86 52 7 -10 -75 10 -43 64 -90 30 78 -85 45 -62 14 -46 44 59 -51 -36 68 -14 27 85 83 53 -36 -62 -51 -68 -23 -59 58 -50 18 63 31 -69 56 -60 38 -42 -44 -23 -26 -45 43 47 8 -38 28 -11 -12 -52 61 77 67 -22 53 -11 -10 75 -74 -40 -75 24 -95 -36 -38 -93 -14 -37 19 46 -1 77 72 -15 -56 -84 76 -44 44 7 -99 -43 -17 42 -43 -10 -60 46 -60 -10 64 -99 -11 -39 -95 -72 85 -74 32 97 58 -74 20 -41 -31 36 87 -21 -20 21 59 -89 22 -8 21 64 48 74 48 98 -28 32 -98 41 53 -68 75 45 76 -74 85 72 91 
49 50 11 -87 -36 -22 74 -38 -50 7 52 74 24 -43 14 74 70 -61 85 43 96 17 42 -75 89 -37 -71 83 -18 80 -28 78 6 44 -96 -36 -28 -61 -80 74 -53 26 32 -22 -32 35 95 24 98 -71 93 -5 43 41 89 29 73 3 -20 -32 70 -79 -79 -43 48 12 -6 -66 -78 87 41 -51 41 38 -55 -55 -10 -99 5 4 -15 48 51 12 29 -96 -18 68 73 26 87 59 -69 -86 -80 88 -37 -89 60 -73 27 66 -73 76 -48 -25 -37 -3 99 -74 65 -5 48 10 75 -31 -13 -91 68 57 87 -17 47 -13 59 -9 63 33 -70 -28 65 35 -77 -48 69 -48 -52 22 83 86 17 35 23 -30 47 42 95 -26 21 72 
-46 64 -1 41 64 -2 -52 83 -4 61 19 -25 -32 -85 -3 94 38 -45 -45 74 71 45 2 66 27 31 -32 53 -72 6 23 61 25 84 -27 83 -85 -93 -8 78 -54 -11 28 -58 66 55 31 -11 21 60 71 -27 -18 -99 -38 36 65 -63 -79 -23 -18 97 73 -92 -98 32 -19 -47 -6 -3 -58 4 11 -44 -59 -59 -3 -74 -42 -75 -29 -23 17 86 -24 25 8 33 21 -58 67 53 -98 -57 -18 -94 63 28 -4 -27 51 -91 94 88 65 -79 75 47 15 -97 -36 47 -79 -38 36 34 71 75 48 67 68 24 -43 54 -35 -71 -14 -42 -81 -35 -16 -87 45 65 -63 -20 -90 7 -49 83 27 24 -79 -4 -58 18 77 53 -83 25 
94 -21 68 -63 54 -26 -52 92 -38 45 37 -88 -4 -87 97 52 -59 -86 -24 -10 47 17 56 -50 -46 67 -73 -50 -81 34 -38 42 -75 -65 96 -73 -33 65 -38 95 23 60 -7 70 3 -43 73 -75 12 -92 59 -30 76 53 -28 36 -38 26 -85 -94 35 75 -26 -39 -53 -48 -82 48 66 39 70 87 -14 -66 69 32 45 63 -51 -35 10 -10 70 76 -33 -18 -60 -57 -10 -65 -67 -83 -77 -20 -54 37 -20 -31 47 -55 -46 72 -9 -31 -70 85 -34 -92 -70 -99 98 72 21 61 -21 63 28 56 91 66 25 58 10 -25 4 95 73 -49 -61 -83 93 -72 58 8 87 -24 78 85 96 21 -87 -86 -95 -81 -80 -75 37 33 -57 -78 
-56 12 49 32 -45 -43 -48 34 -66 32 43 82 70 72 -35 32 -38 -69 62 -62 -24 68 77 -61 99 -8 16 -26 36 -91 15 4 16 -66 -95 21 25 -38 50 78 91 34 84 -28 -6 20 65 47 -88 -40 34 -85 98 18 2 -42 -73 67 39 -89 -73 25 10 36 -56 -72 -35 -5 36 -43 -37 -85 -65 36 -70 97 -79 95 28 -8 -10 84 72 33 40 44 -18 -94 36 71 68 -54 5 -81 75 46 -80 85 -55 -16 -88 -53 3 27 -3 -64 66 -96 24 -86 45 94 91 17 -50 -36 -14 -70 -99 65 -92 0 49 -70 13 95 -88 42 -89 -58 -48 -66 -58 52 10 42 -73 -66 95 -57 89 50 96 -3 -46 -96 -46 -84 12 -45 
33 -99 -82 96 39 -70 -27 -20 51 -69 -4 21 50 -63 12 -52 15 2 -13 55 33 33 78 1 86 -8 7 43 97 -47 2 -82 -95 77 -41 -5 -36 87 -24 -72 -11 52 -25 81 32 -12 -90 -83 63 20 -36 94 16 -96 12 89 -26 61 -52 23 13 -60 81 69 87 92 -73 26 -59 89 -64 -49 -75 2 45 33 -44 73 -33 36 9 28 18 -47 -97 -99 78 27 -80 82 -6 -41 62 26 -49 -15 0 -12 -98 -33 73 -65 45 22 -10 34 -22 54 99 1 -99 -55 -19 86 -21 59 11 52 89 80 -17 62 -45 -13 26 1 -49 34 38 78 33 -88 -8 -86 14 -6 18 26 25 8 75 29 20 -69 62 -70 9 42 -24 -26 
-90 -31 6 -25 22 87 -38 -23 24 28 -16 -44 43 86 5 13 38 14 -65 -57 -25 -55 88 -3 41 -19 49 -88 -62 -65 44 67 10 98 -79 86 -43 64 23 -61 -28 51 -24 -65 92 -58 74 31 25 41 -21 50 -7 -86 77 -96 49 -88 -36 -63 -8 18 59 -50 95 -36 90 8 21 -36 57 -84 99 8 92 -17 53 -37 94 -97 -74 -38 17 68 -32 -33 -65 79 -85 -44 -8 52 -29 -98 85 33 -72 38 -18 6 52 -82 99 12 -39 56 -36 51 97 70 -77 65 -88 -5 34 -8 27 -20 -56 -29 -45 1 65 -57 -71 -10 -86 39 -35 -33 -6 28 -64 83 86 -55 12 32 -29 -70 -19 -76 58 96 -4 44 98 -49 67 -84 
-45 62 11 88 84 -4 40 -9 -44 14 -17 18 40 -66 81 71 46 -64 -4 95 39 25 -13 -62 -71 65 68 -98 -22 -56 53 92 -91 97 -53 55 31 82 51 -21 -31 -93 -31 -48 -31 91 81 23 -65 -21 58 -73 -46 87 75 -82 45 -9 43 21 24 -65 -37 -57 63 -79 87 92 -1 -39 -66 -58 55 -9 42 -57 23 -78 -49 -41 -37 -32 80 26 -65 30 14 -35 -87 15 -52 -32 -50 57 -16 91 10 27 -96 39 56 -38 19 -95 -10 -8 -84 72 -19 -88 -72 46 95 -25 -33 69 -19 16 99 -16 9 90 32 -39 71 97 -93 73 -3 -64 -91 26 -25 -41 17 74 24 26 10 -36 -42 56 83 -57 -65 81 90 -2 -79 14 
56 60 -59 -94 17 56 -25 37 28 -71 -28 -94 -68 25 26 -5 -28 53 98 -58 58 55 -63 -97 40 68 46 -51 -69 94 -48 81 -7 -68 39 -14 33 -63 91 45 87 -94 10 -89 -16 -93 -41 69 -70 -46 70 -85 10 76 48 -54 -13 -7 88 -9 -94 51 -32 -40 27 42 -24 60 19 -46 -7 3 92 26 -36 -50 90 12 -23 -33 -2 -59 48 11 14 8 -44 -32 56 37 7 -33 95 -45 55 -7 -18 -19 -99 -44 14 -80 95 -55 -12 58 74 -57 18 -56 25 50 95 90 74 -8 -3 79 17 -45 -5 -2 -95 40 -76 82 -79 53 3 -93 -45 26 42 25 19 55 64 -58 29 -86 -38 52 36 -60 14 84 -22 25 26 66 
62 90 92 77 -75 -78 -92 78 -3 -86 83 0 -85 70 61 28 13 24 -54 -16 88 3 -37 77 44 36 84 -72 -12 -48 -53 19 99 22 -84 11 78 -13 91 -94 -66 -62 -24 -33 -91 16 -89 80 73 -40 75 35 -12 -80 74 72 -64 78 7 -80 62 -36 -43 -78 -70 -28 90 92 23 70 3 25 -69 -48 -37 -64 -34 9 -44 -41 -13 -64 90 92 -99 -92 39 22 51 36 -12 42 1 40 -86 -72 71 -94 -1 -88 -83 78 88 57 -98 40 63 -91 -60 51 42 40 58 63 77 40 -94 37 -89 -73 -92 48 -99 56 -82 47 92 85 44 7 63 98 -56 -18 78 -96 65 13 6 -9 1 0 -24 -21 -64 -67 85 -69 -26 53 
52 70 -87 -17 -88 9 -3 8 -43 40 24 7 -91 -67 -53 -40 92 -61 -13 21 -19 81 -48 -37 -56 -83 -84 18 -44 -46 -49 88 83 65 55 54 89 75 42 -57 83 96 93 -23 -60 -49 -70 -12 -9 21 88 -23 60 -19 -86 7 16 -2 88 -66 -44 -78 4 38 -14 -94 31 -23 3 -27 -43 -50 36 -59 -8 -88 71 57 -52 19 54 -30 -75 -28 -23 52 -41 -50 56 15 -71 -69 5 -88 69 88 -85 -25 -28 35 61 76 4 37 -31 73 37 82 95 -92 -70 28 39 -38 -95 79 -41 -5 69 -74 -45 68 -33 -1 41 68 -70 61 -55 -18 29 -25 91 -86 -8 -76 74 11 -54 -64 15 -3 -68 -27 -52 38 41 -46 -29 52 
60 -62 1 19 -89 -52 79 38 -33 4 72 22 -9 50 66 -84 -91 -58 69 -79 -1 -46 -63 -67 48 -61 5 -89 16 49 86 40 14 29 46 -54 -42 29 -40 50 61 79 18 97 32 -99 27 -85 68 2 88 34 -31 -88 -48 -46 -85 -1 61 -70 21 -65 55 -69 69 -50 -39 -1 61 -30 36 80 38 52 77 82 -88 -35 -8 49 89 -19 61 -69 -22 -19 -72 -72 15 -69 -7 0 19 54 -99 33 -24 -8 -87 10 -29 8 -43 65 -3 61 -18 -61 -50 -81 -56 -35 -28 -56 10 -52 -45 -72 4 -94 18 -24 -86 2 78 44 21 35 -90 78 74 20 98 -82 -62 72 -93 25 -57 -32 84 81 61 26 31 83 -6 91 -83 90 
79 37 85 -35 -12 -76 73 -52 50 76 30 38 -12 29 -71 -93 54 75 58 -19 21 -22 -39 -15 -5 79 -82 -97 71 0 -32 -34 -23 -14 20 70 -38 99 -11 12 -53 -67 24 -93 24 -59 -33 -58 -87 29 -89 -85 -1 -70 89 -13 -33 12 -71 37 99 25 -91 0 71 26 48 81 82 80 51 53 79 34 -51 -91 -60 35 -86 62 11 2 91 -82 29 82 -28 44 22 38 1 24 55 -9 -79 -96 56 29 -5 -44 65 52 71 -68 -60 -12 32 -37 17 -83 -51 44 95 -19 -83 -97 -61 -79 -11 31 -1 -82 -44 -72 81 -10 20 -27 -2 75 83 63 27 86 67 -42 85 67 85 -44 54 -6 70 72 10 -25 95 -5 -76 23 
-11 75 81 -40 -5 55 -84 91 70 -89 -33 -80 21 56 16 -86 35 -22 -78 -64 -94 28 7 -79 53 -28 -71 -41 69 -97 -87 -24 -4 25 -40 42 -24 -92 29 -17 25 81 -37 60 13 26 -21 -44 29 81 31 2 -27 -50 -46 -30 -58 -27 42 91 7 -67 -67 -8 -35 95 -94 16 48 48 95 98 -25 -90 -92 -98 63 76 38 38 82 83 81 24 55 -8 70 -26 2 -81 38 47 17 51 47 -46 3 17 -28 -3 -57 -98 17 -52 37 82 55 96 -66 -52 -13 -95 0 24 84 -12 79 7 41 -97 -10 -91 -93 31 41 73 15 -5 62 32 41 14 10 -48 -1 55 86 30 63 -49 34 -83 84 -19 -95 59 30 93 -33 -68 
52 0 54 41 70 -79 -69 11 2 -12 -53 69 -37 10 -73 70 -59 -70 -17 -61 0 27 92 31 -99 -82 -28 54 61 -4 71 -37 3 64 -83 84 14 60 -17 -64 65 92 28 12 23 -46 60 10 -46 68 -5 40 71 81 59 26 34 47 85 73 -50 32 56 -95 -25 71 -52 90 3 -26 29 84 -38 62 45 -35 31 -27 93 -59 -70 -81 45 -9 -41 75 -43 -39 -78 87 -34 13 -94 -20 -41 -75 -57 35 -75 27 -71 -94 65 24 -29 -83 10 24 47 74 -27 -1 -42 -9 40 -43 -74 -85 -40 -78 24 -22 39 98 29 67 6 92 79 56 -41 -2 -59 -14 -97 93 62 -26 -69 -52 94 18 -79 -23 49 96 76 -33 36 5 
-28 -51 -48 -46 73 -80 16 98 -61 0 -49 -46 -87 72 -47 -87 57 20 -25 55 72 -4 26 64 -33 75 -78 -42 -51 58 75 4 65 -8 -27 -58 -89 -38 40 -73 55 89 -61 -63 15 56 -32 -79 33 40 58 82 83 -70 73 1 61 69 61 -18 26 2 -83 -30 -48 83 -29 67 -29 -21 -24 35 87 -27 -92 -78 41 1 15 5 -86 -52 -3 -39 -60 -15 93 86 -66 -15 -77 -42 25 -9 -28 62 -95 87 -14 -83 -86 99 -9 -71 55 -79 -14 35 -16 -66 -93 92 68 -37 6 52 -31 52 -75 28 54 -60 32 18 45 -99 50 -19 -21 -83 -30 -30 -1 28 93 -19 -26 -38 -78 72 -26 -47 27 -70 -58 30 72 43 85 -39 
-53 73 -98 -55 -92 66 -70 0 -39 79 -91 -4 46 21 -68 -66 71 30 -56 60 -93 -75 56 24 -67 -79 -79 12 23 24 28 -30 82 88 4 -10 -85 -17 7 -26 40 19 -12 25 70 64 -8 27 15 40 -73 -4 48 71 78 -41 -62 96 -55 -79 -58 4 -19 64 -37 -81 88 67 -76 -67 -33 -69 -7 60 10 -45 30 78 59 -97 -38 -2 28 20 64 43 17 -12 4 73 -30 96 34 62 80 -82 67 99 -90 -51 88 23 -23 68 -25 20 9 -3 -64 -46 87 -61 52 -3 90 99 -78 -40 -22 -1 -27 -28 -84 67 -46 85 59 -55 -95 -91 99 -43 -85 0 28 91 -48 -57 -11 -68 -24 74 31 -57 35 -85 81 13 89 -67 
34 -65 43 -87 24 -73 -57 -84 32 44 40 -24 4 -10 75 -86 29 -23 -27 57 -82 62 -43 2 -82 8 0 -98 71 68 87 -77 -25 -10 64 -97 -45 32 -99 -73 -6 -54 7 98 16 38 -44 53 84 17 -19 -92 -85 63 -51 75 70 -9 -39 -4 -6 66 62 -18 -99 -74 -15 31 -41 -5 -4 -42 44 26 29 45 8 97 98 -66 -98 88 -63 -82 11 -44 84 -38 -63 -72 -28 -22 97 59 -6 85 -76 -1 -97 -27 -70 -72 33 -61 54 76 99 8 -68 90 -10 77 -26 -52 -73 57 15 29 36 19 -53 -31 -60 2 -94 24 23 -17 -45 30 -19 -13 -80 -6 -30 23 90 54 88 -80 75 97 -83 -33 93 90 20 58 19 91 
74 2 89 -96 -5 -74 8 93 -55 -14 -80 -76 -20 50 40 95 -48 -71 54 73 76 38 67 -42 -58 26 -70 25 5 10 -66 -88 -62 92 -69 -29 -8 -87 -1 5 59 34 -38 47 27 38 28 -92 -30 -37 -89 -81 -47 -24 47 -20 -92 3 98 30 -39 -50 55 2 47 -35 32 -47 76 51 -69 54 47 -47 -99 79 71 46 6 64 23 53 -58 90 -79 61 27 -71 -53 -32 -58 -91 -82 29 -39 -15 -78 -68 -58 35 -23 31 -92 -77 -79 6 -56 -17 -38 -38 -39 33 -32 33 95 -79 75 64 -86 -55 -10 68 32 -80 58 77 11 -55 -10 32 -93 -93 13 86 35 46 10 99 -17 -9 -81 -37 50 -3 84 54 6 79 -45 -51 
-7 45 57 3 0 45 43 78 87 -92 1 0 -65 57 66 98 56 -8 -37 56 -14 4 -42 91 36 -59 17 -72 34 -47 34 56 -27 50 -74 -20 -17 49 7 -40 92 6 34 36 -14 15 66 -64 -14 -11 -89 23 86 -75 -26 56 19 35 13 -46 -4 -66 69 6 -45 -53 -20 -68 -13 48 52 53 73 -31 -72 21 -76 -85 60 80 71 -84 0 97 60 86 23 34 22 -46 -34 94 42 48 -30 53 -30 -80 -30 33 -12 -60 71 43 30 -47 45 -22 61 -81 77 -92 91 -74 67 -97 -1 61 99 -76 52 -53 -59 -32 -92 -7 93 87 86 95 54 44 -85 97 -86 97 -20 -64 -96 40 -50 19 19 72 -61 -88 -1 3 -69 9 
36 -29 98 30 -51 23 29 -75 55 21 77 65 -72 91 -89 49 -80 -37 17 -52 80 -98 82 -90 -86 29 -87 89 -2 0 17 -65 -77 46 49 -23 -94 -45 -13 0 -59 -65 -50 40 92 38 -82 -49 80 -6 -93 -80 99 69 23 90 -93 -56 5 91 -65 73 -4 -37 74 9 28 -8 66 -55 -22 0 -17 -27 3 -71 -31 -95 -86 68 21 -36 97 -59 -95 25 -9 37 -31 23 -37 72 5 -75 89 99 -48 99 -64 -9 39 69 -99 34 -94 -58 7 32 92 -10 22 -53 27 43 -41 -50 -20 33 -33 85 73 -54 51 -71 97 -9 -38 10 -71 -55 58 29 89 22 -8 94 -52 90 -42 -22 -98 42 19 36 -64 -17 -34 -49 -63 35 
62 25 -43 55 95 69 21 -54 63 99 66 83 -27 8 -86 82 -34 -87 67 -28 26 -70 0 84 56 4 -80 75 29 -83 -73 -96 -95 72 -69 84 -65 -97 38 -76 66 9 47 38 -94 -79 -65 -84 -21 -62 33 25 57 -82 -91 98 -84 -5 -58 65 -4 88 81 50 85 -90 -73 -13 35 82 -35 43 -37 -15 -81 -37 -41 9 -96 37 72 26 52 52 90 66 78 -41 43 -96 -62 -3 -13 -52 58 57 48 -16 -76 -19 78 5 16 -88 50 -67 43 55 -70 -56 10 -10 0 87 -89 79 -71 86 -60 -43 32 -51 28 9 -59 88 82 -1 73 29 -42 28 75 -72 75 -44 -18 -43 -67 -2 2 61 -71 -79 -66 15 8 91 -9 -84 
71 9 -98 71 -76 41 -85 -55 0 69 95 95 84 -98 -75 72 -40 36 56 59 -86 98 59 -56 29 -61 53 89 32 -40 46 79 -78 -7 -17 78 71 -44 -17 90 78 -51 13 21 72 99 31 -22 -67 -92 -1 97 69 -38 -23 50 36 -39 83 9 89 96 -47 64 -62 -7 -99 -97 -91 -12 -15 52 -39 43 -76 -63 88 -54 45 -28 -18 12 -80 -5 95 -28 26 -36 54 31 7 -54 75 -8 41 58 -86 17 13 -90 -1 -35 -69 84 88 -6 -10 -16 -86 -51 28 -18 -94 22 -58 -68 -91 -60 50 40 91 82 41 -26 -8 23 99 8 77 56 -23 -87 -96 -21 44 87 47 -77 34 45 -6 -16 31 -32 75 32 74 13 56 37 
-54 -33 13 8 -71 -33 91 -73 -63 -82 6 -92 41 2 8 13 94 -15 -25 17 14 -27 7 18 23 -42 -18 -83 -9 -96 -66 -53 96 -54 55 24 -33 85 20 70 -66 6 89 74 -64 70 -68 -86 60 7 -81 65 -62 98 32 89 -3 96 65 -13 -75 -72 72 -96 88 -94 -72 -20 70 76 30 -8 -26 -23 -17 54 -81 -58 6 -39 51 60 96 -6 97 -33 47 -16 -14 33 -63 43 -44 34 -58 -23 36 25 -17 -27 -2 -66 -31 -35 -40 23 64 83 -62 -92 -27 -36 10 53 72 -25 20 -3 55 39 -47 69 40 93 -78 -19 -11 59 -61 70 76 72 -6 53 -8 90 -21 -46 -28 42 -70 -28 -7 -96 58 17 90 42 -59 -13 
5 62 -21 -44 50 -99 -23 -19 -79 -97 13 -89 -66 56 74 -51 -26 -53 -99 43 38 82 60 -3 23 -90 -26 56 -72 -90 -69 -73 71 -88 55 73 -30 -83 -38 -72 -27 77 -89 1 50 47 29 84 36 -39 67 -87 -56 22 -24 -38 75 -64 -67 -30 -63 -51 -38 -10 -15 65 97 77 48 -36 48 -55 -35 -2 -29 11 20 90 29 53 51 -46 51 -2 -14 -89 39 36 -34 -53 19 9 46 69 -7 38 -30 -50 92 18 -55 -38 5 -96 65 -83 35 61 -65 3 95 -64 25 -93 -65 52 13 33 90 93 44 -69 -38 -63 93 32 -20 38 45 81 -71 -26 56 -47 -53 -44 58 -57 -42 56 57 41 6 96 67 35 14 6 -79 -75 
-41 5 47 -86 -8 -80 46 -14 -58 -98 43 17 -32 -75 68 1 86 -25 -50 65 85 73 11 -46 24 59 -96 -16 -78 -84 -91 1 -99 91 -50 -67 -70 -31 37 25 47 -99 -49 24 -41 28 78 76 -97 59 15 -3 51 -85 41 5 97 -66 12 -64 14 50 -16 -49 -2 49 11 23 80 15 41 -30 17 44 46 8 -35 30 -46 70 59 55 -69 57 86 25 6 27 91 14 -45 -23 -51 -18 87 -4 48 -70 99 -43 15 81 25 -57 -30 -20 20 25 -42 70 83 82 -64 47 95 -78 -18 94 83 -33 -67 37 -80 20 -99 10 77 -77 -38 12 11 13 38 -32 16 -92 11 -80 97 65 -17 -68 68 3 -78 -17 43 -72 -72 47 
-42 -11 -49 79 91 26 95 -11 -68 85 71 -67 -15 -6 13 -6 -89 -63 96 98 -46 54 22 57 52 -4 -61 2 31 77 44 -22 -36 21 85 98 69 -64 48 98 40 -50 85 43 24 -21 12 58 -87 55 58 -71 7 3 74 -24 -17 -36 -34 33 89 10 65 72 25 8 73 -38 -24 -13 23 41 -60 -82 -34 4 12 -71 -79 70 42 26 -28 -52 29 43 -83 44 94 -57 -40 -77 -13 64 17 -24 64 -15 5 18 54 -82 -40 -64 -48 -93 -49 -3 -99 77 -64 63 -80 -44 61 -82 80 -42 33 -82 -88 26 -5 60 34 2 9 77 -24 -3 -50 29 82 51 -56 33 29 82 -7 -42 77 -5 -84 70 -55 -74 25 80 28 43 
-70 -17 -49 -57 31 97 -88 50 49 48 21 65 -73 -16 -56 8 18 43 -72 33 -22 33 -62 -98 69 17 -55 -71 -34 -16 -42 -91 -33 -36 36 25 -59 79 -52 -26 32 22 -26 38 -14 -56 -39 -95 14 28 45 59 81 35 -99 98 79 -54 69 84 72 4 -93 79 30 -49 53 -15 -66 -44 -12 12 -99 79 18 50 -49 -90 34 -46 80 61 -80 -55 14 -38 -86 71 -64 93 -21 -60 -72 -8 49 66 -74 -78 -4 94 -73 -25 -17 85 62 -52 -39 -24 -65 -81 18 -73 83 23 98 50 77 -71 -43 -31 27 -5 -74 72 36 -3 -70 -51 -11 -13 -74 95 60 -29 -72 -71 -2 -94 81 97 29 -15 15 3 74 82 30 35 6 98 
-28 -19 40 -77 54 -13 -22 -32 -54 -23 16 -77 58 28 1 -45 12 33 69 16 -83 -3 -36 15 54 -55 -88 14 -3 -11 -63 40 71 -59 -44 -93 46 -30 -15 -55 -40 55 47 62 -2 -41 -94 70 -60 -30 -92 18 -95 -10 -94 -9 -46 4 38 16 1 41 55 -28 -73 57 -12 52 46 -44 -85 -32 37 56 91 -91 -35 -23 38 -52 -40 38 26 -38 4 32 -36 -91 -96 27 -5 -42 10 43 -57 78 -6 29 -81 60 26 85 -83 90 -90 38 -20 21 -36 -70 -2 -45 42 99 4 23 -10 -32 76 -58 88 -49 85 -88 -52 26 -35 -14 15 -61 5 23 -57 -16 18 77 -96 -13 87 -20 -47 -66 58 51 -99 -16 6 49 -87 -32 
-61 8 54 -53 77 -34 17 83 -35 0 -42 -23 -13 -84 -96 63 -33 -99 39 -51 -85 21 -36 -54 19 21 81 0 63 57 70 45 49 31 2 -35 3 -40 -25 -51 -56 15 -47 20 -39 -60 -11 -65 -11 77 -20 19 89 -95 14 70 -48 54 -87 0 -45 -7 6 31 -6 33 6 84 -52 -16 -96 -97 -89 -49 -84 -73 -91 82 57 -4 2 -44 49 -31 -5 -52 -78 -70 84 -27 -69 83 -96 76 -77 -16 -50 14 42 -12 86 -86 -22 89 -76 -31 44 78 -19 47 70 -93 -23 95 40 -8 66 13 -51 -17 -31 16 -19 94 -46 75 -56 22 48 51 -92 -77 77 47 71 -79 64 46 -90 -25 -56 -18 -79 -1 -45 -25 90 58 20 75 
-68 -42 17 76 29 22 -51 -64 47 -23 -79 61 -34 39 -94 -54 -82 -60 26 77 -26 -24 64 96 -95 -64 -18 -42 3 -35 -65 32 42 -3 1 -85 -44 81 -1 -54 -35 -95 62 8 60 -27 -22 -29 48 96 62 72 60 57 -68 94 89 -75 -77 -54 -86 -41 59 52 12 25 -55 32 46 22 6 -28 44 65 -48 82 92 -36 95 -97 -41 -53 11 1 8 20 73 -86 10 -34 -50 36 22 -45 -94 0 -12 29 -33 -37 -51 96 9 3 82 -26 -49 -40 56 -35 -90 63 64 -47 36 -24 -28 31 85 66 72 48 -15 57 -67 -99 74 -17 74 -69 -33 94 78 -10 70 -91 54 94 -32 -14 -84 82 46 -20 -31 46 -25 51 20 -70 
-34 42 63 -46 89 77 -12 72 47 -90 52 -41 -28 40 -45 29 32 64 -95 18 80 99 -50 -33 41 -51 -47 45 -9 -69 -71 63 44 29 84 -24 46 78 46 49 6 1 -73 -7 68 16 -18 -88 -68 -19 -62 64 -22 -27 41 -38 -70 -97 68 24 -37 -24 -53 -16 -75 27 33 -96 10 80 20 -9 -31 -97 -24 -97 49 59 -52 14 -6 52 -39 73 -35 20 -8 -52 -16 -86 -44 -54 81 60 6 -12 -44 62 54 -49 89 33 16 34 -19 -61 -64 72 20 -2 -5 44 -31 1 5 -78 -92 -95 53 47 68 43 77 -25 69 -41 -22 -83 49 -16 84 -99 -1 75 -35 3 -59 -36 -7 -75 34 -29 -91 68 -9 66 65 0 42 -65 
-16 31 -11 -26 -78 -26 -27 -28 99 -51 73 -54 75 84 18 18 -29 74 96 81 63 88 86 -71 80 48 8 44 -20 -9 86 16 22 -20 -25 35 42 -9 57 20 59 99 56 -61 23 -54 92 49 -82 84 56 55 -87 29 -13 35 -36 -75 -69 87 54 -51 -62 67 -69 -19 6 8 -16 -15 -1 45 -73 -28 85 -43 -40 -42 29 37 -60 -24 -94 71 44 13 -61 1 71 51 -42 14 52 -3 -55 -13 60 99 15 -18 14 7 -34 -82 54 -47 93 -20 22 14 64 62 28 96 56 53 -14 19 -53 99 33 -33 54 24 28 -93 67 -79 -83 66 38 89 -67 94 6 25 24 -91 -67 -66 -22 -97 -6 11 -48 -57 31 -40 -70 -75 
-97 -2 84 -81 -38 84 -15 -60 -61 -90 1 79 18 45 -49 -59 -22 -88 -19 -40 44 7 78 -33 -94 81 -66 -15 -93 50 79 50 81 37 -21 81 44 20 60 64 -22 -85 -98 -57 -33 85 85 -94 90 -80 93 44 41 -59 27 71 98 35 -43 -76 -20 -92 -92 -51 90 -79 33 69 -29 -66 -44 5 -80 -19 -47 89 -11 -27 51 -11 72 16 -16 95 -3 -98 -24 28 64 44 78 10 -55 -80 -14 92 -27 -25 -79 -41 -43 17 -72 52 -48 -99 54 12 38 84 68 98 96 12 -46 -23 45 -38 -77 75 -26 98 -66 56 96 -19 3 -99 -35 -64 -94 -10 -24 -32 69 -99 -36 48 -41 -63 95 53 -65 17 37 -68 -71 15 -41 -40 
-2 52 24 -20 89 -78 84 44 32 17 38 -43 24 -24 27 94 -92 13 35 -62 -76 40 37 5 -43 -12 -68 -7 -6 14 -50 91 -1 -56 -39 -19 -79 -9 9 -94 -51 64 35 -57 39 -76 11 -45 -87 50 70 -16 -22 59 -26 -36 -50 -63 69 -60 -67 -68 -89 -57 92 10 1 -44 0 30 -58 -10 -32 -69 42 45 -29 54 -78 -31 -89 75 -21 -29 15 52 -30 -51 -95 -40 67 -6 -23 76 87 19 45 19 -20 15 92 80 69 -44 -48 42 55 -73 -62 38 6 17 -45 65 92 -64 18 20 -34 1 -6 66 -93 73 -17 -47 32 64 65 59 -75 14 -35 -41 54 -12 -70 34 92 76 -92 8 63 59 16 34 81 15 -56 -52 
68 7 -56 -35 -64 55 -96 69 -48 93 -97 -71 -47 33 0 -92 -92 -72 -55 95 62 -42 -84 -23 74 -15 5 11 -19 -71 25 31 -60 42 27 57 24 -88 -38 -87 -65 20 45 -77 -90 -31 58 -72 -35 85 -25 2 90 -18 15 -28 -73 49 6 -64 -3 2 85 10 10 69 -19 -18 33 85 -28 -13 -4 -12 -10 -65 65 -23 -20 -89 73 -29 42 46 -71 98 77 56 -57 41 84 -32 85 -50 -69 -21 37 -81 -93 -75 37 -83 99 -65 -68 -71 -82 -45 -57 71 51 78 -92 -17 99 -67 17 -44 -82 -8 -48 41 65 -23 -91 83 16 -22 59 52 72 -95 13 -19 75 78 83 -36 -79 71 -20 -22 -94 -14 -81 -75 -70 -22 74 -95 
-23 -12 -18 82 48 98 0 82 -71 32 84 37 61 85 -11 53 -84 38 -46 58 -80 -77 42 -12 32 -4 -45 -46 24 7 -10 -93 81 94 -92 44 27 11 20 -60 74 0 -69 1 -67 31 -74 -85 -34 -5 19 -81 -66 99 24 -11 19 70 -35 -42 -85 62 -19 76 -61 54 18 -7 68 85 -9 44 22 53 21 96 -99 82 -31 69 -65 -21 69 -34 -92 70 69 84 41 -49 1 -41 0 -54 96 -83 -53 -25 21 56 21 71 55 -60 -18 -76 -5 -2 46 16 99 -45 65 66 46 29 40 28 62 -19 -59 30 24 86 63 19 -9 97 51 71 -4 -29 3 -51 -50 2 -53 -73 78 22 -35 40 86 37 2 34 -37 -61 36 -98 
68 -46 52 66 -98 81 71 14 -37 -87 -30 68 -15 -80 98 57 -11 -93 41 38 91 40 -28 93 -39 49 11 84 73 -79 35 -42 -13 -29 -45 -56 -79 -70 -18 13 -85 -92 -78 23 99 14 -68 -63 57 43 0 -60 -56 -32 47 -70 43 57 -80 -82 -68 39 36 31 -44 43 29 57 11 -85 67 -92 -71 -41 -14 52 28 46 -22 77 46 97 35 44 -21 -25 53 -50 -82 -33 -6 -63 13 -60 -79 48 -51 94 -12 -88 -5 29 24 -39 -65 -16 -46 -18 -37 62 88 -31 -11 62 47 68 53 -84 81 16 49 6 21 67 -86 -84 9 -70 46 -2 62 37 44 -97 -50 -67 5 94 -50 -14 61 -88 32 11 65 -95 -47 -69 -64 -42 
54 70 93 36 -16 9 50 -6 37 -58 78 74 -69 -62 13 -89 -85 57 42 87 -59 -3 -40 -14 53 -25 73 24 -41 -10 -67 90 10 -75 -23 73 67 82 -47 57 -61 46 22 -28 94 34 -49 -22 71 -88 34 -69 14 76 12 45 -63 -80 24 -36 84 -90 70 -83 87 -17 57 18 -16 -60 -11 -49 -75 8 56 -4 71 37 0 70 35 66 16 -90 -20 76 -48 10 -81 -75 -58 -7 30 -72 52 26 53 34 -37 -9 -28 17 22 -62 2 -47 44 47 -55 -44 -4 81 41 74 57 65 -63 18 -12 49 -12 -80 24 9 -9 85 -56 13 -65 46 -55 91 -72 82 -96 -32 -39 22 11 -46 -63 -71 -75 -36 23 -37 26 5 39 1 
2 -53 -6 14 -32 -85 57 95 -74 -91 71 89 94 96 39 6 -44 -29 27 75 12 -75 44 10 34 56 -67 -48 -41 -17 86 44 -86 -42 -27 58 -87 28 -91 29 -43 72 36 72 3 -89 -89 -37 -41 -51 8 86 -80 94 -14 6 -75 69 -46 -8 33 79 87 -2 92 -96 -16 -17 18 7 -23 -42 -34 74 10 99 -63 15 -74 -32 -2 95 -72 84 63 94 9 63 29 84 -23 -67 -77 12 34 -65 74 21 -72 52 -39 83 89 -93 0 -31 -11 -25 -36 -13 31 67 -9 -24 55 -65 94 -43 87 18 6 95 92 -68 32 -38 -24 15 88 -6 15 -57 -50 -58 -98 -41 84 24 -92 -25 -23 -40 -96 -68 -31 -71 53 -8 -27 87 
-12 -11 1 -41 -57 5 71 -53 -61 4 -29 -15 91 -82 -4 -71 91 38 57 12 -40 -38 65 -78 -77 7 -64 66 59 -20 -35 -48 -97 -41 -29 -80 -45 34 64 -51 -99 35 0 -11 31 19 -83 -17 -18 -76 -49 28 32 -89 82 -49 -91 87 -74 4 50 -38 61 73 -37 -89 31 17 83 -2 -87 82 -55 83 1 -36 -23 -8 -49 -77 55 -73 44 86 5 47 -85 32 -7 3 15 91 62 28 -91 30 -51 -68 48 -96 11 88 49 -59 -16 -99 56 -33 58 -40 48 -26 51 35 84 17 86 54 5 11 89 -51 26 -26 -65 35 21 -96 24 -83 12 -21 94 46 -26 -32 64 -55 -64 31 -72 -85 46 -84 45 -33 49 35 3 98 
9 52 7 -71 55 73 52 -82 16 6 -95 -6 35 -8 -92 4 38 90 94 -87 -99 15 25 -89 -87 -93 -61 -47 -41 -39 53 -41 -91 9 -36 35 68 -60 28 75 31 -88 -55 9 70 10 -52 -30 -49 -17 -45 -29 75 52 80 85 12 99 -32 1 -40 82 70 41 30 -13 -1 32 37 -70 29 84 -72 15 89 -82 -95 91 40 -84 -43 94 -74 -41 92 19 -11 64 -93 -17 58 -95 -38 -34 -74 -29 -53 95 75 -89 31 -94 4 -44 -27 -95 -71 35 -36 46 45 5 84 -43 86 -47 -60 18 -91 -36 5 -10 91 -52 11 29 -65 -80 -43 -65 -69 12 -76 -27 -68 99 32 16 96 -54 57 84 42 19 7 -68 5 28 -63 -60 
90 90 -40 -23 -8 -15 6 -39 21 49 -23 40 -50 -48 -44 98 21 -89 -17 -31 1 6 -25 29 72 29 72 95 -89 86 18 47 -76 55 86 -45 -18 -21 23 -2 -43 -54 -20 -15 16 0 -26 97 2 14 -44 47 -66 -87 -28 -74 -50 91 -23 -87 -90 -67 92 52 75 -86 27 34 -64 96 -64 -39 -86 -88 82 -87 -43 99 87 -92 -66 -14 42 50 -57 86 -69 -22 17 3 -51 9 87 73 -18 38 78 45 -72 -89 62 -11 -45 35 -99 16 83 -18 -92 42 -51 -82 29 -52 10 78 10 90 -27 17 92 87 -66 -88 82 -77 94 71 -21 -24 90 -34 9 -67 90 -89 74 66 -44 7 64 -30 -53 0 31 77 63 -40 -82 16 
-88 78 77 64 -95 -34 -65 44 -11 99 66 -30 -72 19 31 -96 85 -62 -97 7 -98 -99 83 82 0 -75 89 -10 10 86 -6 98 76 63 -8 -54 68 -88 22 31 -54 -95 -47 -16 -75 -15 32 -57 40 -18 -50 -82 -12 -53 70 -66 74 -94 31 66 -36 -71 27 0 15 -52 -13 39 -32 -34 30 -41 -69 -92 -73 -2 -51 -27 5 12 20 5 -16 -12 -63 49 -6 -37 40 -43 66 43 67 -74 -66 -22 -75 52 -18 -56 86 -19 -21 -78 64 31 -17 99 93 -9 -3 -82 80 5 -55 -75 98 -65 35 74 30 -40 10 -74 59 -93 51 -6 49 91 -32 -84 -44 -62 32 -84 87 -81 30 -81 -4 -18 52 -81 -28 98 28 -47 -72 95 
90 65 -41 31 -70 -56 -86 -34 72 36 41 69 56 4 -21 -95 -26 18 36 -9 5 12 78 -32 -94 -12 85 -35 28 30 43 -71 39 11 -48 13 36 -93 -58 88 -66 -29 40 -29 -61 -47 -99 87 15 -75 91 -55 37 -48 77 -9 -94 -50 -90 -45 72 -1 -19 -61 74 68 -56 67 -91 1 64 -24 -47 41 25 -27 -62 80 20 97 50 54 -67 86 -32 92 76 -6 45 14 17 -94 -27 -42 -71 -24 -7 -4 -56 -64 11 -22 -90 42 -77 -9 94 39 67 -74 -59 10 90 -55 -96 88 32 45 -27 -77 -48 64 -61 18 -27 29 -57 -95 87 35 88 34 94 -14 -92 -5 15 -84 -80 52 93 -86 -56 27 -76 -22 -35 -13 -5 24 
58 42 -96 -81 -58 -65 59 74 59 75 -96 -61 -85 11 -59 56 -15 -70 -11 -36 15 66 32 -91 71 3 -52 0 78 0 -45 -96 25 -37 63 19 -77 42 -68 -75 29 -84 -64 69 -99 81 -83 90 85 -81 17 -14 -79 -96 -20 -62 -31 -81 -40 66 -15 94 35 35 60 -12 14 -63 -38 -12 40 -60 -86 97 -26 -19 -68 -15 87 -80 -81 -4 6 -53 93 -9 -89 -44 12 -19 -7 4 71 4 51 -20 -99 51 -45 43 -17 -24 -6 90 -47 46 -75 -37 -4 50 94 17 7 75 -3 -56 90 37 57 -19 47 35 -11 93 24 37 30 -75 98 91 32 62 18 -32 12 29 -60 50 -62 37 67 -28 31 39 93 -80 53 80 80 10 
21 9 37 34 -14 -11 89 9 7 -3 42 -66 -70 33 36 67 88 66 15 -22 24 26 -37 77 -99 13 -94 -75 26 -26 -14 46 45 -15 62 95 -1 91 -28 31 -35 85 -65 54 -87 -23 16 65 85 47 -33 28 49 15 92 -89 -94 25 86 -43 -42 -64 -49 93 65 75 18 58 4 64 43 71 -87 25 57 -29 -37 -80 64 14 11 -9 1 85 91 -97 -55 47 37 95 -17 57 -14 -68 40 74 -88 -91 -17 -14 81 -8 -9 -28 -5 -92 10 -21 -19 -15 3 41 -76 63 59 -43 87 68 12 16 51 52 -97 -74 72 -45 59 -4 85 31 -14 20 99 -52 -90 -57 26 -32 67 51 21 -61 58 -66 6 4 -35 98 97 -38 
12 -18 -72 -79 -11 -66 90 15 69 35 -84 -36 -33 11 39 75 85 95 30 -75 93 -35 7 -92 -23 12 79 96 -21 -58 57 -30 -4 -9 13 -77 -5 26 -42 -86 -48 -18 -47 53 17 2 78 -80 -26 -30 81 80 -80 -39 -58 5 19 -29 86 26 -60 -2 -59 -74 -49 15 9 28 4 -38 50 -15 30 71 62 76 -94 9 -2 66 10 75 82 67 60 -51 -8 -5 38 -69 -44 -38 92 57 -77 -52 -24 16 -44 -18 63 45 -78 72 -99 32 44 15 67 -12 -32 -92 -99 35 39 32 64 79 43 -88 78 -4 84 -58 54 3 -13 32 46 -64 -68 -55 48 2 -80 93 10 -78 -92 72 -85 19 -63 -32 13 16 -52 33 -12 -41 
-25 58 -90 -41 50 -84 -74 -67 -4 86 16 -50 90 -27 -23 -89 -38 8 80 13 81 30 -78 -7 81 3 59 -55 38 42 94 -18 53 88 -72 -85 -63 23 -92 -71 43 88 -28 -92 -94 -78 -38 47 -19 -93 -63 -11 -87 67 -53 -65 -80 35 18 97 72 4 9 -81 87 -91 -72 36 3 48 11 -56 -61 -49 79 91 -68 -62 67 -68 39 39 5 -72 82 2 -68 -96 -78 88 0 -48 98 -25 30 -48 83 -74 -79 78 68 -41 -29 78 26 -54 -3 89 39 75 -15 97 -35 -29 56 -81 60 50 -74 7 16 46 18 66 84 -25 17 90 92 56 66 -83 -21 -70 10 76 61 -70 47 67 25 33 63 25 94 70 49 90 95 -9 
48 78 -4 56 36 31 -92 28 -61 -18 -92 4 -3 -83 -89 -26 37 -62 4 -93 -15 95 93 17 -29 -42 92 49 -76 -10 -15 37 -36 -62 19 32 -74 12 65 -8 91 83 10 -64 88 95 29 -29 -34 -49 -82 -84 59 -97 69 99 12 84 19 -77 48 -13 -3 -34 -39 3 63 -43 95 -62 -69 -69 77 97 40 49 62 -69 -6 82 -31 -18 23 -87 -90 30 59 23 94 -45 -72 81 -93 -35 -16 -17 -24 91 -58 -93 44 76 48 -36 35 30 -49 -63 -31 7 27 -7 -7 -64 0 36 -28 84 66 24 -5 -17 8 50 58 73 -7 -84 63 96 52 97 -97 -1 67 63 -33 -16 -66 91 41 -57 50 66 74 75 70 -17 90 81 
-3 -85 12 -30 98 -7 87 -10 -53 51 86 -80 34 7 0 22 -43 52 -33 -14 -2 6 -29 -92 80 49 68 42 -61 28 62 -99 -65 -74 -88 -89 13 -75 92 -20 -57 81 -65 80 -72 14 39 -62 59 -32 84 -24 5 -27 30 88 65 24 -2 -62 66 29 68 42 50 -99 -48 11 -4 -54 -50 38 85 -89 -51 28 8 -76 57 -97 74 -41 13 -99 -30 54 -60 -90 74 -35 28 -80 -78 -47 12 80 -61 -64 -4 -95 48 7 -73 -29 59 68 27 66 11 80 95 26 40 17 -15 -7 20 -24 75 73 -67 -17 29 -45 78 -13 84 41 -90 -85 64 6 20 -11 -23 -83 -64 -96 56 73 63 12 2 -33 -73 26 -38 16 4 -19 
-19 84 -18 19 47 91 74 -68 -48 87 86 -16 0 -39 61 -62 -51 -78 74 -61 1 -6 -97 22 33 1 -43 -50 -88 -67 -38 -89 50 78 -87 -90 36 97 16 -35 -7 25 -57 34 50 -35 -70 -57 89 -41 -39 -3 34 -25 -14 -54 -97 -46 86 86 18 76 -21 -81 -2 -11 69 47 -30 68 43 2 42 -56 -29 -75 -28 -49 -25 25 -76 -49 -19 -52 -69 -87 21 92 64 -15 -99 -46 57 31 -64 40 41 -78 20 18 -72 6 -33 45 -74 -77 -85 -77 -17 96 81 -48 55 -86 56 -61 45 -83 -24 -4 -14 39 16 78 -78 55 42 -35 85 12 57 98 -14 32 -37 -66 34 -70 74 -78 -74 -32 82 48 -53 88 20 -54 -82 79 
56 -58 -52 -13 14 45 16 -20 -89 11 -6 96 73 -60 43 -78 27 55 61 -73 60 50 10 -92 71 2 -92 25 -19 50 39 -14 -99 -39 5 13 88 86 66 -41 -90 -18 -70 -83 -97 94 -32 33 6 61 63 12 87 98 -54 -10 57 -4 36 5 45 16 68 -46 9 46 -65 36 -45 57 -44 88 -98 -31 -31 86 38 76 -91 64 35 -3 -86 -82 80 -36 -15 -18 -36 27 43 -12 -89 76 79 -85 97 -56 -79 -1 -76 -24 27 58 -95 -36 73 -3 36 -87 -4 14 77 -93 30 58 -21 -57 86 -79 77 83 75 -46 66 -34 -2 -12 15 92 -48 -95 -86 -12 -1 15 55 -37 -77 16 -5 -78 -40 -41 44 42 -12 76 -77 7 
14 -17 81 34 -61 -36 -1 64 -7 -84 99 78 68 -46 72 -73 -2 34 -55 21 -14 -57 -21 71 44 46 9 -25 46 -93 -44 39 54 -34 -36 7 39 -68 -74 -65 -47 96 -5 60 -75 67 -23 96 13 79 39 63 96 -2 -57 -39 -55 -96 -59 16 -31 27 77 -9 -12 89 -11 95 -7 -71 -87 11 -32 41 63 -80 82 9 11 17 68 -96 12 -20 3 -99 -56 -55 -28 -21 68 46 81 -32 -69 -1 68 -62 -85 73 41 4 76 33 -55 -69 18 -18 -12 32 96 -24 -4 -75 -58 60 62 47 -97 -20 -60 -59 -11 3 -31 -4 -54 40 70 -41 61 -9 56 -63 -37 3 -53 4 43 45 -43 -15 -75 -67 50 -44 -80 -97 11 53 
70 91 80 -63 72 -13 30 -31 6 13 -70 68 -43 -52 -63 14 -46 -49 -77 -59 43 -99 92 6 71 -58 -68 16 81 -86 69 66 -99 -35 -45 -50 80 34 -95 -42 48 -66 -54 -8 56 87 -29 49 83 72 -32 -78 31 79 85 -34 -26 75 -69 4 89 -62 87 31 -13 -68 -10 27 -11 -67 42 -67 -69 65 -66 71 -21 -39 12 18 86 6 77 -43 35 -57 14 9 -4 85 42 -66 46 17 2 -75 -26 -94 79 -46 -44 -53 -4 -72 -61 79 27 -70 20 -8 81 84 57 -6 -20 -17 -17 -90 -99 51 95 -7 8 -95 8 82 90 80 -42 -84 42 -48 -99 56 -56 67 36 51 48 -92 -89 -52 -70 39 4 62 39 69 64 -40 
94 18 -16 27 58 28 18 2 -61 -44 57 -12 64 11 -55 10 33 40 -35 -82 98 16 -93 -20 0 -81 -72 51 85 41 39 -59 -8 47 31 -92 50 54 66 50 83 -11 -23 -60 10 51 -25 -95 18 8 -17 -75 99 -77 85 43 48 -36 -91 78 -78 47 66 3 3 69 64 -14 -87 83 75 -16 -42 -12 -99 -13 -59 -89 18 -94 77 -3 10 55 91 -92 -33 63 18 46 -73 79 -3 -8 -48 38 -8 96 44 41 -53 25 29 84 -55 -19 76 -1 26 43 -63 50 -58 -80 -51 1 -49 20 -30 7 50 51 -82 -51 -7 -55 -16 -3 52 42 80 -88 -20 94 -32 -58 70 -72 -53 -2 47 67 -53 -30 -33 -55 86 72 -88 49 
-45 -61 3 -72 73 -98 74 12 44 95 -10 -94 -33 11 -1 25 67 -61 77 -90 65 -95 -22 -66 80 -28 8 81 32 68 -74 75 2 -18 72 40 26 50 59 -41 17 -79 -48 -41 81 66 74 23 -72 18 -27 54 73 -7 17 -78 -14 59 -7 17 -19 -31 25 -57 84 62 -11 12 -19 67 -54 73 74 19 -34 -96 17 12 -70 32 -25 -31 -83 -90 40 59 -12 48 -63 -18 -36 15 81 70 45 33 24 -52 0 44 -61 -11 -80 53 83 -2 -13 -44 54 -76 47 4 -7 -39 -70 20 -97 -26 55 -38 -89 16 -65 53 64 -52 40 -93 -65 -18 -23 78 -10 32 -75 37 -18 47 -39 -99 50 -6 -54 -51 1 76 -34 6 56 41 
-59 43 40 -40 54 29 37 -72 -35 99 -48 37 -75 97 -54 48 83 76 14 -55 -51 -70 83 40 -83 -67 -85 85 80 -69 -82 -11 32 68 27 55 -98 51 -31 84 -14 -31 -84 89 50 -70 41 83 -99 10 90 -70 -68 68 -33 18 80 -21 -44 -85 33 15 69 -75 -37 44 -44 39 90 -6 -75 77 46 27 -81 28 -89 94 -83 92 26 80 -52 19 27 -42 -40 67 41 21 -14 37 15 -49 -84 -19 21 4 7 73 96 23 51 -77 12 -33 -26 -54 62 70 -67 47 10 -52 15 -74 -76 69 93 -17 -27 71 91 -97 -72 -87 74 -48 95 -14 -68 66 -10 75 -46 75 7 -46 41 -95 9 44 17 -49 -50 48 -83 -57 50 -65 
47 98 56 -27 -8 81 72 -37 80 29 66 66 53 -16 8 76 -66 91 -91 -91 83 -50 49 -96 7 71 -30 -12 60 6 -85 -76 -21 -45 -54 91 -43 -88 -42 -50 84 -69 -16 29 -13 -22 53 -1 45 -84 -80 46 90 -80 37 -84 -81 -58 40 -88 -98 10 0 -75 71 -16 26 -5 45 -47 -74 96 -38 92 -48 -79 58 -14 53 55 -87 47 61 -15 96 99 -62 95 -75 -88 -63 69 -47 1 9 -99 -6 -43 -92 20 79 -64 -21 41 -40 43 -46 -44 -78 55 9 -94 30 -69 7 45 -84 7 10 31 11 46 49 -99 41 -49 -39 81 -11 -91 -30 -83 -56 90 67 -84 -1 -2 33 66 27 -88 -8 -82 -83 -68 85 11 64 -76 
55 -17 89 64 -62 61 33 -26 -79 52 32 88 -53 73 72 -31 -13 76 -92 75 94 -4 -46 -40 25 56 57 91 23 -81 -4 -24 96 23 63 37 85 -42 4 10 -39 89 61 -46 48 44 -45 -51 33 64 -46 89 -9 3 5 -74 -55 -37 -29 -12 20 -63 47 10 -82 -13 0 -86 19 24 30 65 31 85 -61 53 88 -9 -66 -93 37 78 51 -81 -23 5 -37 -59 -31 -7 55 61 -7 21 -16 -24 -45 -20 49 -21 39 -26 45 12 -91 61 47 93 13 54 -58 -39 50 -39 80 -4 62 -78 -14 78 -30 49 2 -59 -96 7 -50 84 -29 -85 34 2 -15 -6 99 -96 -69 60 -70 6 -89 87 -75 63 55 10 -30 76 -29 39 
15 -72 36 -14 -23 58 -68 18 1 -78 36 49 58 -15 66 -70 27 -42 -84 29 77 25 19 -11 -99 -91 3 90 31 0 8 -65 -94 -12 79 83 28 6 -4 22 -7 -88 53 -85 -56 -71 58 96 -16 -19 58 81 18 32 -58 -50 46 -88 -38 -7 -33 61 -12 -13 29 82 42 -4 -70 94 -67 72 -76 92 -43 -29 -37 14 -27 70 23 -55 -37 7 -36 0 -90 49 21 -22 91 57 78 -23 -87 -5 -3 -91 -98 43 -45 -50 79 -55 64 72 8 -52 23 82 40 -16 -95 -8 -5 -91 -95 91 -12 99 26 -48 74 32 48 45 -20 -13 79 -18 -47 -43 -89 -23 66 74 11 31 -6 -80 16 -69 -58 94 63 81 15 81 21 -20 
78 -39 -48 18 -32 -37 -43 88 44 -54 41 -52 63 -37 60 -8 33 90 -38 -90 66 62 -11 -71 97 94 -7 86 -74 89 65 3 39 -56 -59 -96 -92 35 32 -74 2 21 62 -25 67 18 47 5 -54 -80 -78 30 -58 64 -14 -77 52 12 25 79 69 -68 42 -9 96 -45 86 27 38 -54 22 8 52 70 -25 13 -76 -30 -28 -79 80 -48 27 -55 10 -38 42 83 -82 -84 -50 89 -77 -72 51 53 -8 -73 3 -78 58 88 9 -49 -84 -26 13 64 4 83 -70 89 28 29 94 -17 -91 47 53 -61 79 -16 8 -81 91 -57 57 -73 -80 63 0 83 88 -42 -24 -41 -30 82 14 -69 -90 4 -50 15 42 -95 97 -71 76 -83 
70 -42 -96 91 -47 88 36 2 -35 -48 99 -57 -33 -67 -51 -71 99 79 -95 -24 64 79 -83 76 -7 -81 -33 38 38 -42 -62 40 -32 73 -86 12 84 -38 -92 72 78 -62 49 -77 40 -94 -4 75 -52 17 -45 -68 -73 95 69 -80 -23 -59 -89 -44 -58 -41 48 40 56 82 -29 6 4 82 -88 -42 96 -57 68 7 -78 29 14 -1 61 -72 -37 -4 -19 -28 -33 -44 87 -81 38 -61 -14 -68 83 1 6 49 33 -72 -88 98 68 -6 -64 40 -26 33 7 3 -33 97 -62 -28 9 -99 15 42 -94 29 1 -91 -9 87 -46 76 82 24 67 63 17 94 14 -45 55 -11 74 63 0 87 -25 89 -13 43 -44 -64 -28 10 96 -72 
25 76 11 -15 1 23 -58 -67 16 45 52 11 29 38 40 -22 56 96 -56 -1 -21 -64 -62 5 -93 -35 49 36 -32 -7 61 -19 96 2 75 43 -18 -48 74 90 44 -98 20 91 -97 53 96 -91 -7 -1 37 41 -32 -35 -98 57 6 -50 -87 91 79 63 92 -51 -68 23 46 -14 -82 -83 23 -94 -76 23 -47 40 -99 56 -41 35 -26 -22 86 -87 -49 -82 -68 -9 -50 46 -77 -29 -73 19 11 63 73 -84 -22 56 27 58 -50 18 -80 -3 -94 -29 78 31 -87 -85 -41 -23 -12 -90 53 29 -77 -33 69 41 53 69 -18 91 -13 98 -21 -8 80 58 48 -3 66 89 -40 -99 -29 34 -87 3 -78 15 50 82 28 49 5 -48 
99 14 10 5 -57 -99 -23 -35 -36 -19 1 -77 44 1 99 16 57 84 -93 -64 31 20 21 6 -61 -80 54 62 -96 -11 -28 -17 1 24 -85 11 -35 -2 28 16 37 -95 31 87 62 -52 16 -85 -11 -38 88 49 -65 66 10 44 69 41 -96 -61 -74 -69 -47 -92 -61 -60 -72 30 12 -73 78 72 16 19 41 62 11 6 -28 -9 -66 36 -43 95 84 -31 -31 -10 -95 -6 -50 27 -1 -20 -61 45 33 91 39 82 -10 61 71 67 50 -65 97 90 69 -66 -13 -80 -20 -6 -63 32 -39 63 90 2 7 12 7 -7 34 10 -18 51 30 -54 -63 -36 30 68 28 -68 -37 19 93 -84 -12 -16 10 91 -48 87 52 60 45 31 
50 -43 -93 70 -70 89 49 78 -27 74 -34 60 -32 -58 66 -43 49 95 26 -44 -93 84 -46 30 -13 94 -71 -52 -72 -91 32 24 7 54 95 -97 -62 -38 74 37 4 2 -84 10 11 58 22 77 67 34 5 56 -93 86 86 58 18 -77 -59 90 -45 61 -11 45 94 11 -72 -10 63 -5 -20 14 46 69 49 67 -40 1 -11 -78 -72 -71 29 -71 94 78 -88 -17 -8 90 -54 -18 -31 32 -84 11 -49 -24 70 -9 48 90 24 39 82 -74 1 45 -17 23 -79 -4 -95 77 -26 60 -63 10 61 -19 -52 -83 34 0 -41 33 56 75 7 81 -68 55 93 64 10 6 98 50 -23 1 91 49 -27 -55 -62 10 -78 75 -63 -57 
66 -55 58 75 -23 17 40 -52 27 -7 -46 -25 98 74 25 -53 53 -13 -8 60 -24 47 94 49 96 -20 -29 17 -19 24 4 -6 -61 -39 -93 -81 55 24 -32 -41 -64 71 -20 -85 59 -65 34 -62 74 71 62 -23 40 -68 24 51 61 65 40 -69 0 99 24 -24 21 -45 -63 -12 -32 71 81 -33 69 -88 -95 -10 -61 -93 36 19 90 79 57 93 37 -75 66 63 40 -21 -48 -3 18 50 4 51 -36 -65 -97 -53 23 -91 -67 -65 29 -54 88 -60 -25 82 -68 -32 -83 -67 69 19 12 -48 56 -70 -52 -3 -25 -86 2 21 19 -13 93 73 -85 53 -53 38 -83 -81 -27 20 41 91 -35 38 5 -42 -20 -50 33 64 -31 53 
-52 97 -40 -68 70 3 24 -23 -23 93 -71 14 96 -11 21 -3 -76 -20 78 88 -25 -33 -62 56 11 34 13 92 -61 56 18 -48 -58 -23 -62 -48 -72 -62 -86 -84 84 -14 77 -29 -97 -92 -71 -58 1 -10 -40 62 -1 -1 -34 -95 49 8 -98 44 1 -75 1 -98 -81 -26 96 -99 16 -9 62 -91 -84 -21 -81 -95 1 -63 -82 -81 71 57 -23 9 -15 96 -7 93 55 -58 -93 -51 -34 24 -38 39 60 65 82 47 -40 3 -55 17 77 -63 -9 -61 13 -11 -30 82 45 -28 86 -38 42 1 95 -60 48 -7 40 -71 -26 -40 -32 37 82 29 -85 -12 -26 94 -34 -62 -16 -94 47 12 -61 -65 83 -37 74 10 30 35 3 -12 
-58 69 -80 44 -81 80 -54 -59 35 55 6 38 83 4 6 -64 87 -30 55 -93 99 -19 5 -2 -86 81 54 -89 -81 37 -81 7 -49 87 7 24 -62 85 -32 26 -53 -35 -11 -91 -33 10 -54 36 8 -68 -69 -61 12 99 55 -33 -86 -57 72 25 -17 -51 86 72 -60 59 33 63 39 -8 4 43 85 -71 50 17 -13 73 15 74 -50 -42 -52 49 25 -63 -74 88 -99 26 20 -19 64 1 -15 -1 41 -39 -65 26 -38 89 -45 85 -34 -78 81 -10 -3 48 -81 -34 45 -89 87 12 -84 82 -34 -29 38 84 -70 94 -9 -17 -89 -25 53 44 72 -27 27 -81 -68 55 -87 -2 -24 86 80 -38 66 -88 -65 -73 -23 15 -36 9 
-62 60 -10 88 20 23 -50 -34 -50 -7 82 -17 25 -11 -77 47 -56 -89 -93 -96 81 -6 35 97 28 -46 -51 -50 -89 -83 -2 -34 -93 0 -75 83 36 -17 -92 93 -72 2 63 40 92 96 48 -53 -53 39 79 72 94 -47 -24 50 -98 77 -78 -95 -66 -11 -61 -53 -84 42 97 -1 -92 67 -15 55 -3 8 63 96 -41 18 46 -96 -63 89 39 84 11 72 10 27 23 84 0 -50 -37 66 -33 -8 79 52 -82 -55 61 -21 98 33 -11 -65 45 -96 6 17 39 39 68 -99 -54 75 -34 -65 -13 -69 -24 63 -71 98 -32 -38 48 84 -30 87 40 33 23 -34 -22 23 -93 -76 88 78 80 -20 -7 -19 49 29 85 66 1 22 
-81 -79 63 78 51 -53 -56 76 -67 -32 23 -60 24 59 -8 82 94 85 -53 -68 75 -96 9 -44 -54 73 0 -96 -62 98 3 -91 -14 -10 -45 69 19 -69 -7 -69 -68 -21 89 -52 -71 -42 -73 -15 -6 65 54 -94 82 42 -48 -62 -62 17 -38 -68 -56 -98 24 11 10 63 73 -71 -1 35 20 60 -49 72 -63 -69 76 81 18 -38 37 -97 -84 -69 98 -85 -10 91 67 53 -53 73 -7 12 -23 81 37 -55 91 -84 -93 -64 -6 -88 -83 -42 -31 -36 -25 45 -45 -56 48 59 55 -57 46 -93 54 29 62 -43 -80 -45 99 32 -46 -76 90 -72 -63 40 -79 8 21 72 -36 -23 56 -74 6 -28 40 -7 -45 99 88 84 -38 37 
64 -24 -23 -10 87 92 16 -56 -14 -61 -94 94 -28 -33 -3 -93 -19 -12 -76 -94 75 -99 -71 -78 1 1 -8 70 -7 62 82 -43 0 86 0 -52 -93 -24 -90 -86 70 40 62 -44 -54 63 -32 -65 51 -70 -79 44 14 -72 78 -32 -43 -36 -48 56 -98 -29 79 -78 -13 -82 -10 -19 25 -64 98 -13 28 71 -34 -97 42 -92 -15 61 -69 -62 98 -25 -69 -93 10 -71 63 41 -31 -45 -11 22 -92 -65 -41 -82 -41 95 -85 12 -48 -8 -82 20 -89 -2 -39 -57 37 17 -9 5 50 -16 70 27 -88 -4 64 32 24 66 12 78 42 -35 -68 69 57 -61 19 80 -90 92 -46 -60 -60 12 -29 -42 -72 65 26 -30 63 -11 88 59 
1 -7 81 -57 33 39 -62 79 -69 -84 3 18 82 49 -8 -39 22 -21 -89 96 48 62 -6 -18 2 15 -35 -9 82 99 27 42 10 -57 14 -54 76 67 -67 -77 -13 -12 12 36 72 -44 14 -10 -13 -56 -91 93 63 -44 -88 -3 -34 30 76 70 -28 -93 89 -18 44 -6 35 96 -78 31 97 42 -20 39 -47 65 -29 -74 86 -92 -9 82 -72 70 55 -26 -65 -14 -86 95 27 -40 -21 -89 66 48 -84 -86 28 99 -62 40 -64 -38 -24 93 -89 58 -52 -82 -85 7 79 -76 -31 -43 88 -29 -33 -77 96 -73 58 -5 29 -38 21 70 54 -70 9 50 0 84 32 55 -10 -47 36 -73 22 -47 68 -24 -71 54 18 -39 90 68 
11 -58 24 78 -67 30 -28 33 -31 -69 -31 86 -43 -80 61 -60 -86 90 -27 99 36 -75 -78 -12 -9 51 -92 -78 54 -49 41 -21 -80 61 -86 -98 -74 68 -35 5 -47 9 -53 -73 38 -42 -62 -53 87 26 -38 -32 -59 1 51 17 38 73 98 -50 -96 -88 41 79 42 35 32 -5 15 65 -18 16 23 27 -11 82 -20 52 4 21 -86 47 -75 -64 -40 -67 -89 56 -85 -37 -49 56 98 4 16 32 37 -26 -76 9 54 69 21 80 64 54 -73 57 -67 32 43 -72 90 -4 -33 91 -83 -34 52 47 44 29 60 47 62 45 91 -11 44 -89 37 -96 -41 72 -49 -32 -91 -65 -42 48 -43 -38 71 41 -30 -10 24 -54 -76 51 
-4 91 94 69 -83 -10 83 -13 -64 -85 -52 82 -20 -34 40 72 -83 -13 27 -1 56 -8 -31 40 -95 -76 7 69 90 -79 84 61 35 -24 79 36 64 -8 -54 -13 1 -88 -22 -25 -61 -92 44 -6 -72 71 -34 -22 42 -89 25 99 -11 35 -88 -4 -62 -55 56 -48 -29 -75 -63 -9 71 49 33 -39 -44 20 -77 -36 82 -9 -93 2 93 -63 -14 -17 -81 33 91 -47 -56 28 80 42 69 72 -4 -66 16 92 36 -66 -1 77 -45 91 91 -84 -99 -46 -39 9 1 10 -32 -6 -25 -54 91 83 -87 -32 -82 75 -13 70 -80 -20 49 67 38 41 89 41 18 -3 41 -38 -8 84 -47 57 74 -23 -57 60 80 -38 -2 79 49 13 
28 -34 75 14 56 3 30 -14 -62 75 30 67 -21 54 -21 -40 -29 -37 -38 26 -52 59 -37 60 89 29 -6 94 60 28 -35 22 -8 35 -75 -26 34 -15 -34 58 -58 -20 32 72 13 -54 -5 48 -44 40 6 -62 85 -19 17 43 -39 -71 -68 8 89 29 -95 57 76 -54 15 96 -90 -18 -31 14 -6 -74 -53 49 -77 88 98 14 43 -66 44 -5 -38 55 0 83 44 18 39 15 -35 55 50 -60 -12 -97 -25 -91 53 -23 -92 -75 43 -16 -66 -97 24 -94 -64 -76 43 -75 39 -3 -92 76 8 -31 19 -45 22 96 -22 14 98 -6 83 -36 3 20 -40 -75 -36 16 -92 -11 5 -1 -28 25 -78 -90 -67 -54 89 -80 -65 -42 
98 85 -86 -84 -73 55 63 -32 7 -5 50 9 56 28 -32 39 29 -60 -78 97 -87 -30 -9 -29 -82 -63 -44 -88 60 19 -30 -76 -47 -63 -79 -53 -32 -53 63 98 -9 74 48 -23 11 -96 91 -82 73 58 75 85 44 68 67 -61 -62 63 83 -10 59 -64 -53 55 -88 94 21 -58 -38 -13 32 -11 -98 -3 -3 74 -62 39 29 -32 73 -91 -96 57 -79 81 -57 40 -17 96 -81 3 75 -59 -95 -97 -29 -70 84 -6 -44 -29 42 7 -3 -94 -57 31 70 -56 -86 12 2 79 15 92 -1 -34 29 -6 96 -25 13 -14 3 10 -68 -74 -30 86 -95 -49 57 -37 -38 -59 70 1 -90 -62 -38 -26 65 42 12 58 -56 -37 8 71 
12 77 -48 -42 -68 -47 -19 40 -96 16 9 -50 -1 -70 5 66 -7 -68 -66 86 -48 68 7 28 98 -90 2 11 -57 -36 -1 -22 63 9 -54 36 -71 26 45 -8 62 -63 30 -62 -5 41 97 89 9 -4 93 -82 93 69 23 -2 -26 85 25 28 56 94 -81 -51 -37 81 40 65 8 75 71 -37 -82 21 64 -61 -96 53 -81 52 88 -90 -42 64 98 2 95 -94 -14 -91 10 -51 40 -67 87 -10 31 70 79 -91 -95 -52 -68 -14 -17 34 -10 34 0 42 32 84 -39 20 -11 6 58 86 60 -33 -45 -9 -72 4 -44 -87 -25 -27 -87 -85 99 43 39 4 44 66 -94 30 -99 86 -41 -96 13 -49 96 -8 30 51 47 60 
30 51 98 99 76 -56 -75 -87 -77 -87 -17 -97 -61 -44 22 -89 -94 83 -87 29 -8 -11 25 39 36 96 -53 -20 19 59 -78 65 -96 13 -22 -70 53 -92 -23 -74 -66 77 91 -17 58 -10 -39 78 -79 -13 71 -85 96 54 -48 -6 90 81 76 17 57 -46 -63 96 91 -31 25 0 86 48 -53 -47 -79 12 92 27 -68 82 40 20 -79 50 -68 -69 54 45 75 -78 -45 54 -46 48 77 63 9 -84 27 -80 -25 18 3 -34 56 78 99 25 -38 -57 -37 -67 -30 88 -67 -32 47 9 -70 50 30 67 73 -38 73 45 26 2 -64 -25 -31 42 30 -97 42 25 56 4 -50 93 -62 -26 91 -7 58 -56 64 -30 84 52 -36 -35 
-53 56 -23 -19 -22 11 52 17 8 24 -65 25 91 92 -40 -96 -83 86 -80 -56 -9 16 -19 68 -2 -39 -75 4 -27 16 -31 -8 -80 -30 92 37 -10 89 29 -6 -79 -36 -8 -56 2 90 43 26 -86 -92 -48 79 9 -39 68 -36 18 -68 97 -67 66 -89 -32 25 -9 14 27 -54 -60 19 27 90 37 -60 -27 -63 3 -71 -42 -26 -68 81 -31 80 -19 -40 -9 40 -38 -30 51 97 72 56 11 11 -74 64 -57 -31 98 -30 0 52 67 -43 -27 14 -90 -94 -44 79 67 -33 70 -34 -82 38 0 -80 -28 43 99 16 -22 30 -87 -30 91 -63 51 -51 97 25 -7 6 28 9 82 86 -74 -28 -53 -62 99 -85 -21 -91 -90 -25 
81 93 75 41 35 -35 -36 60 40 -12 27 86 -69 11 59 52 -26 -42 85 81 -13 -84 97 59 11 67 27 21 -69 -27 11 69 69 21 34 54 -10 -42 -25 25 -19 -37 -78 62 34 94 -43 -37 18 9 -65 -69 -10 -70 -25 -3 22 -73 40 38 50 33 -89 -62 40 -88 -50 -67 -28 79 -77 -27 99 -52 84 64 -31 89 -37 -27 -53 91 13 78 -41 94 -23 -3 3 16 70 29 69 56 -59 -41 24 56 -74 87 -78 -88 -35 -62 -51 64 -42 -23 -6 18 -13 36 79 95 -95 58 -74 -30 72 -19 66 -79 37 -93 -24 14 38 -16 5 68 -60 78 98 -51 20 -83 -31 -58 -75 -68 -67 -73 23 -19 -34 63 43 35 -91 -64 
56 47 85 -56 92 -91 7 72 25 42 -27 81 70 -20 -3 -94 -92 96 -48 85 -5 -52 -86 -90 27 20 -15 74 -69 16 -62 -47 3 61 -23 -67 65 44 -43 24 65 -33 -68 90 -6 87 -93 77 -74 -55 78 -39 -56 -19 38 -40 -62 79 86 83 -57 -54 33 -89 99 -65 46 -97 -89 -60 33 -4 -98 93 -71 -98 -96 42 32 -53 66 -55 14 -68 38 -54 -12 74 82 -12 77 52 83 82 -78 -49 -85 -89 -1 -46 4 79 35 -35 -69 -40 56 27 15 25 -37 -21 94 87 -25 61 30 -71 79 -33 -1 89 95 -77 69 33 40 -59 -29 46 -33 -39 -9 -17 -65 92 11 53 9 -22 42 -82 95 24 0 -31 -60 71 -64 23 
-43 32 37 77 6 39 28 -51 45 -83 97 -40 36 22 -5 -40 -61 -81 36 81 -66 72 -40 69 91 -35 14 -17 26 95 -72 1 20 8 -73 -52 -16 2 62 26 1 -77 66 -11 3 -30 -96 -88 28 21 54 9 -28 28 -12 -11 18 -41 -28 -69 9 56 44 16 -37 15 32 54 10 81 -42 -92 -96 -22 -61 92 37 -9 -83 89 77 9 76 -94 77 -93 -88 -68 8 -48 92 5 78 56 -77 -32 4 -91 -80 19 -42 -29 -65 0 -59 -56 58 -45 -20 -37 -94 -31 98 91 -87 -65 -95 8 -13 -3 25 -61 -79 49 75 -9 85 -37 -12 -68 73 -40 35 90 55 -78 13 78 61 -36 -82 -48 -60 46 -47 58 -58 90 40 25 
2 -54 9 60 -19 -3 28 1 43 71 45 -78 42 -37 41 42 -9 -22 -33 -16 -20 -74 -89 15 -62 -68 19 6 -14 35 24 -5 26 -17 5 -76 73 -81 -65 95 41 22 12 -61 -69 -14 62 -73 27 -29 3 -70 -8 31 -37 -59 9 40 3 87 -15 62 92 -87 50 77 -58 -15 -91 -7 -2 -48 -95 6 41 24 -43 -88 72 22 15 69 -42 0 -16 49 79 -8 48 -84 -56 -50 -68 27 -3 -75 -77 71 90 20 46 77 -17 -7 -93 -65 -19 -67 55 -70 -65 24 47 -98 64 -25 -13 52 -39 70 10 51 -70 -68 22 -67 -13 80 -8 -32 23 -21 23 34 55 -93 85 -26 -92 -47 63 -7 82 7 32 -13 -21 -10 70 35 
-25 46 67 17 -70 26 30 -66 -83 -9 60 36 -48 40 -69 -49 -58 83 -12 58 -76 -76 66 -24 -87 4 -43 4 86 -28 27 99 85 -57 -97 52 -43 25 68 82 65 88 -3 9 51 -40 59 99 48 -3 14 -10 -26 8 -61 72 90 -52 29 -18 -37 -93 -75 18 37 81 15 43 52 -94 99 -29 -2 77 30 -76 29 -5 94 -81 95 98 -28 -72 55 42 80 -77 6 29 70 3 12 -56 57 94 42 -12 -51 89 28 -60 -72 29 -9 94 -28 -99 55 22 -29 49 -31 -23 -78 -6 47 -42 72 59 61 84 8 28 8 27 -10 62 -96 -51 -6 46 52 -38 72 51 73 63 -17 76 -58 53 -90 -43 41 -62 96 29 23 -66 
94 -54 -76 -82 27 25 95 99 21 -5 -49 -62 12 -20 -36 43 -26 -42 -96 -31 30 75 7 48 -96 -59 96 -4 -82 -82 -13 -43 -26 77 72 33 48 -64 96 -57 50 -7 -44 -60 99 -57 1 -22 -6 73 -95 -65 -37 -4 23 18 51 -84 60 73 43 12 94 50 59 94 38 -92 -81 -96 2 87 74 81 94 -69 -78 -29 50 -92 -48 -80 -4 -31 94 -50 -89 64 -51 -7 -79 -69 40 30 -14 -33 25 -51 33 -58 -36 -96 -23 -64 55 90 -5 17 -3 -79 63 54 -81 -72 -46 0 2 -83 80 82 84 95 -30 -7 22 94 10 81 35 3 74 -89 -77 40 21 -75 39 65 19 -9 60 63 61 99 89 -39 -80 -54 61 69 
33 -85 62 56 -42 -88 65 -62 -79 -96 10 66 58 -85 46 55 -52 86 -19 -37 6 -57 -62 -45 18 3 40 25 -61 -82 -15 19 24 16 -98 1 -19 78 -68 91 42 26 -39 -3 44 78 -92 49 67 -76 90 -66 27 40 -80 4 77 -70 -93 64 -82 21 -92 -4 -39 86 86 -80 -93 -56 -24 -14 -96 34 -49 40 44 -63 34 64 -32 88 -21 98 31 85 90 31 8 12 13 -79 -97 -98 65 -28 32 14 -32 -12 62 -87 -65 34 -33 -79 67 -4 -52 51 50 17 -47 -70 -44 29 61 -99 38 19 14 88 62 45 83 -14 -72 21 21 3 -75 52 2 -68 97 82 -64 -97 74 55 -11 -15 -54 -88 -42 -86 78 -45 4 7 
-55 -38 -89 64 92 -9 -85 16 31 83 11 -19 58 -89 -37 48 -16 -5 48 14 -37 19 44 0 -91 72 94 -58 98 61 91 -93 -21 85 -72 -63 -47 -21 90 93 -51 -38 24 -16 -39 20 54 -54 27 -51 51 42 -56 -99 -90 11 84 -15 -11 -25 -35 -20 40 -36 -25 -98 -8 -52 -74 -5 92 -58 34 82 -20 32 65 16 14 2 57 -59 -62 -25 83 -89 45 -87 -12 -52 54 49 52 -11 1 -6 73 -93 23 82 -73 -75 -65 -97 -15 79 3 -46 86 51 7 83 -70 -51 -56 18 -39 77 -75 22 87 21 -53 -99 -5 -55 -92 -76 -90 47 7 -12 36 -30 -77 -95 53 99 5 77 78 -33 75 7 -30 -37 -14 75 75 -76 
18 53 -69 20 2 52 14 -79 -87 -57 41 48 84 15 -7 -70 -73 20 47 -1 -60 -50 -80 25 -36 -89 75 -7 -16 -60 74 -63 -10 -8 -73 45 24 -24 27 10 -29 52 -87 61 23 -54 -40 -84 80 -22 26 -99 29 -68 5 37 61 -58 -12 -91 -53 94 -17 76 31 35 68 4 49 27 15 60 -93 33 -67 -15 43 39 62 66 26 -89 -85 -96 56 -89 -44 35 47 34 72 -61 5 43 -69 -34 -11 20 35 -88 79 -71 -1 87 85 -3 57 0 -88 -24 12 -98 67 -35 -44 -4 -51 -68 70 -15 54 -12 -87 -25 34 53 85 -24 -22 -34 4 45 53 -61 65 72 93 -82 64 -40 70 -15 74 62 51 93 27 81 29 51 
-6 -37 -33 11 65 -18 -51 -65 -15 44 -93 22 -62 97 47 52 49 -47 41 52 71 22 59 -94 -52 -11 -25 -81 82 -76 -76 56 -98 -87 -30 -44 90 -51 -62 -10 56 71 -90 10 46 83 -31 -8 31 -42 45 -14 -71 33 -34 27 -84 60 -29 -18 -37 40 1 -34 -84 -2 -12 40 -52 -25 -50 0 60 95 -22 -65 -44 99 -8 71 68 27 -51 -9 0 -73 66 30 -12 -36 -72 -60 -26 61 27 -49 8 67 50 -6 -2 -41 58 25 -85 73 -37 32 68 -55 -24 6 -8 -55 -29 15 57 53 78 -11 -3 7 66 -78 1 52 -97 36 -34 78 -54 -75 14 -38 -63 -16 -49 -93 97 -41 67 97 -49 3 -40 -12 -94 -78 20 73 
-71 87 -10 20 -36 -9 14 98 -30 -35 -44 -50 -11 26 86 26 -47 -68 -85 27 68 -34 42 27 -74 -34 80 81 54 -92 92 17 -22 -85 64 -76 -97 -77 -43 -65 -66 13 -38 -96 -17 75 -30 -45 94 -40 89 -66 74 61 89 42 40 24 33 -4 53 -4 -63 58 32 -11 -37 -46 -25 7 -26 21 91 -10 -65 24 -52 29 -3 97 -44 29 87 42 -94 29 85 88 32 -97 97 -37 51 98 75 -75 12 73 73 87 27 18 -87 21 -87 -92 78 95 -13 -14 14 -49 -68 -47 87 48 -14 8 47 99 -46 -61 -85 -42 80 -89 -74 66 -9 97 3 -60 -52 -66 36 -80 -29 92 -90 -94 34 -75 5 7 -37 16 14 -23 55 84 
40 15 79 47 29 -5 -52 48 -68 52 60 30 73 4 92 -80 -63 -20 68 -36 -4 41 -5 -1 27 29 -65 -37 59 -34 -91 30 10 -61 -79 -45 -46 -11 3 -19 -83 -98 60 55 84 -84 -59 -82 -2 -61 89 -42 -72 -15 -29 52 6 15 96 -17 57 -38 -65 79 -43 -17 -17 -25 -57 36 -13 -85 -69 -73 -58 69 28 -21 -81 -5 -1 -31 25 -57 -58 -24 -59 -52 23 -91 -17 -30 -40 71 50 40 10 -13 29 -27 61 61 -56 89 -36 -12 -43 44 38 12 3 86 -37 78 50 72 30 53 -8 95 6 12 42 -14 -9 72 35 3 54 0 -25 87 -32 -70 -77 -69 -28 -92 -42 -60 0 -44 59 19 -60 -76 -58 -48 -88 92 
-26 -81 -15 -86 19 92 -44 -83 10 -80 62 -59 54 -4 81 44 -33 22 60 -72 -55 89 67 32 -14 -72 -55 98 33 -95 -95 79 41 -58 -37 93 -85 -68 -84 93 86 -59 22 -46 -98 -37 -34 86 66 -85 85 -2 -59 -18 4 -93 97 56 40 61 11 -44 -25 -66 -91 -48 -91 -63 -97 88 28 -97 46 7 -60 91 7 72 77 22 -83 -97 -57 20 5 -74 -70 56 -72 44 1 -26 -37 7 -40 83 95 41 75 13 25 -38 -49 88 -73 -75 20 90 -81 -6 33 -23 -41 -86 -32 -99 68 -32 42 -34 -4 80 69 77 48 -46 29 33 32 62 -7 -21 -26 11 -87 72 54 70 9 73 -13 -75 -91 40 -17 -34 68 -86 10 16 
94 -78 56 85 32 -20 -15 37 -33 -79 91 78 36 -13 16 -9 94 23 12 -55 48 -13 -43 31 39 -49 96 -45 87 61 74 -18 49 -23 -70 -51 -92 -83 -78 -63 -76 -7 61 5 88 50 -37 4 35 -17 98 -32 -57 -47 -17 46 96 -47 53 -8 73 -14 -89 -56 -70 -94 -2 -30 8 89 -48 -97 -5 -79 -71 -39 -57 -31 -28 87 11 -30 -91 3 -17 -30 -3 48 -80 -70 7 4 -34 94 -58 51 -47 43 -34 26 24 -91 80 -47 80 98 -91 78 -36 42 -1 -5 -15 -13 22 -95 -23 9 -15 25 69 5 73 -98 54 -94 75 -24 20 -89 -35 6 -99 -95 -47 43 18 63 -82 18 93 72 -53 -13 -42 64 10 -94 -37 -64 
95 -97 69 27 58 -52 -23 25 53 -51 0 -1 56 30 -7 3 -15 -21 97 -83 16 -81 -61 -11 20 13 -11 34 12 -82 70 48 14 -90 63 -22 92 -54 -93 49 79 38 82 -29 66 -40 -20 71 86 -99 95 -81 -88 -9 -12 84 91 15 31 74 73 98 84 36 12 -56 32 -63 -74 41 84 -31 12 -13 42 50 73 31 -27 -43 -50 69 29 53 -84 -64 87 -56 15 55 -81 40 52 61 79 72 7 -43 -70 48 -48 85 -12 -38 -69 67 7 58 -58 -31 2 -94 53 24 -41 -35 -1 -68 -49 77 -94 -71 45 -82 2 80 95 17 60 -30 66 1 -36 -62 -28 20 99 60 -68 64 8 18 52 -73 23 86 3 -52 60 28 
59 -6 29 48 32 7 -35 33 -25 -94 -78 38 -36 -39 24 68 37 -61 36 98 15 -88 -98 -13 -19 57 -90 -68 -22 -62 10 87 -99 67 -90 21 24 5 16 -29 24 -3 -13 -15 -89 -93 5 46 -64 -8 -75 -29 52 -20 75 -25 13 -87 26 -22 59 86 31 63 -87 -91 -64 77 -64 -9 -43 76 -66 -8 -81 76 -30 -29 41 89 70 59 43 72 63 52 -26 50 67 18 -22 -4 6 -76 -2 -18 -45 -62 47 -97 -91 -23 17 -20 -14 -60 -70 9 97 81 37 -48 -85 99 40 -72 93 -40 37 49 -14 22 97 84 -93 -10 -42 -49 -93 -71 30 0 62 10 82 96 68 -42 45 -70 -41 40 -54 -94 46 -62 7 -72 -20 -46 
49 87 -89 92 -22 20 -61 31 -58 -74 -7 -56 59 60 -2 10 -30 -36 35 7 -23 14 21 -8 -51 -2 79 50 -64 76 -98 -22 22 86 96 48 -42 -63 13 91 -92 22 -3 -39 60 28 -70 71 15 95 -73 -42 -69 76 40 5 -34 -62 -65 26 -45 21 2 72 64 89 -98 -27 15 -69 -20 89 -9 70 7 81 43 61 -66 43 -42 -20 6 77 4 28 -34 -11 -14 11 57 69 -64 51 -48 54 -30 -49 -85 -37 -92 38 5 -12 -78 23 -28 78 -53 -22 -42 -27 90 -85 13 -81 34 34 87 98 -74 -61 66 93 -73 -48 25 15 -48 -15 -21 50 -77 60 -53 76 -99 -13 95 -32 84 41 16 -88 -2 48 87 85 71 0 
-81 -70 91 77 45 76 -53 -84 80 3 34 25 75 -32 15 91 22 31 17 48 -37 -68 -21 -92 64 58 51 -7 -7 -64 -79 -34 60 -21 19 92 40 -79 -84 98 39 81 86 -13 -87 7 -69 28 47 55 -74 -79 34 -32 -70 -79 -92 -14 -38 21 -11 -61 -56 -38 -24 -25 -97 -89 42 -43 -99 -96 97 51 -4 73 -80 28 9 82 73 40 87 99 -15 -19 -44 -62 -89 91 16 -19 54 -56 -34 81 -96 22 2 62 -84 -95 -7 -85 -82 -13 22 94 0 77 -24 -55 28 94 -27 -64 7 87 99 90 -69 -62 -69 91 16 29 -7 6 29 86 67 17 -66 52 37 -77 -68 58 -75 -99 -85 -59 -5 92 97 -57 64 19 4 -80 
14 14 59 -20 -64 -81 -13 -98 56 72 23 2 -69 -22 -91 78 -34 48 -80 25 -8 -14 49 28 85 92 -57 59 -1 -22 14 -37 74 -96 82 -98 -82 5 -95 45 1 -1 -36 -99 -69 -56 -22 -43 -32 54 83 -73 -68 -43 5 -55 -36 -75 93 35 -14 -22 56 -49 5 34 -45 -7 -58 -52 -66 -85 -40 62 68 -86 -55 79 -86 35 35 38 -73 42 17 -29 -7 39 -65 20 -51 -52 81 42 85 26 -84 18 -42 -64 -89 94 -23 -27 -24 2 85 52 14 -79 -7 -79 -44 17 -17 -80 -52 50 -86 41 -41 64 -70 -67 20 94 29 33 75 33 -10 -2 19 -42 -64 -35 42 -62 67 10 78 -60 -75 18 -48 15 -36 0 -72 -70 
74 34 -15 -28 -91 63 13 8 -11 -23 -94 -82 -54 -93 -49 -21 -39 37 98 13 14 -56 8 29 -86 -6 -57 47 28 32 32 -67 96 80 28 31 47 -74 -46 59 18 73 -79 -10 -11 -91 -30 -46 26 -65 32 -2 42 -35 -83 -89 50 -53 -67 25 13 -53 -9 74 72 -10 74 11 50 73 -32 66 33 68 -8 -47 -90 -72 -46 -37 -20 72 47 35 49 11 93 75 32 -82 -18 98 72 -23 20 56 20 -93 30 -19 84 -46 65 -35 72 -35 54 98 -66 91 88 94 -34 -52 17 -97 63 -6 70 85 88 82 -11 9 -14 18 84 44 17 10 -88 -18 -40 38 -30 -42 -36 -76 -2 27 26 -52 24 -18 -45 -63 -18 93 -41 94 
63 13 -46 -65 97 97 70 -22 9 78 67 73 -13 54 42 23 71 -29 -10 -74 83 67 -79 59 60 87 78 45 -13 -66 -59 40 47 92 32 16 16 68 -46 -62 83 -26 -46 37 -49 36 75 35 -37 -17 -80 92 32 -50 13 81 16 93 58 -77 -10 21 44 66 70 -99 94 58 7 -89 -99 1 76 25 40 37 63 53 -88 24 6 -40 71 34 -89 -91 86 -31 -56 44 -62 35 -14 11 17 89 -82 -70 -18 35 -98 86 22 71 82 41 -29 6 81 -76 -64 -69 -14 55 -25 86 -28 1 -74 -41 2 41 36 43 5 -85 -57 91 -11 78 43 -81 69 62 27 -84 39 -64 78 71 24 -53 45 87 75 39 70 -5 -21 82 
71 26 -46 -89 -95 -73 -27 -82 -80 52 53 -62 -43 -38 15 55 -37 -30 -86 -7 -28 22 1 46 32 -47 -85 82 45 -35 19 39 -42 -86 -86 45 64 68 -39 88 -9 -78 -31 -62 -2 89 76 67 -55 -66 -50 27 -72 58 -71 -62 41 40 83 -40 -58 -25 -88 -30 47 -5 28 -13 -43 -33 -25 5 39 72 -28 17 26 -44 3 59 -94 10 -41 41 72 61 98 -60 83 -3 -95 80 -77 -82 -30 57 -49 -14 97 13 16 67 64 -72 18 63 11 6 -49 93 33 93 50 -24 33 -83 38 87 -45 -27 -82 36 37 96 69 90 2 -34 -3 95 -54 -82 41 66 -68 -5 -45 75 -69 -49 -34 35 -50 38 -23 9 37 -26 -41 -40 
97 12 -65 23 -94 72 32 -33 71 24 28 -98 -8 -19 -64 44 -27 80 -26 -62 4 -62 -91 -66 46 -84 45 -65 47 -7 -67 65 34 66 77 -38 43 -79 82 -78 -58 -33 7 64 3 83 45 50 -73 -14 52 -74 73 59 -32 80 98 -28 68 24 28 49 52 -54 8 7 -79 51 -31 -62 45 5 34 -5 -42 -12 7 -41 14 69 -2 89 59 -53 89 60 37 -70 -89 -58 -90 -4 34 94 -30 -39 -66 37 -95 77 -19 29 84 66 -35 40 43 -32 30 -12 -64 68 14 75 -47 -4 -70 -18 -71 66 -99 65 53 -47 -12 -45 -4 50 -37 -10 25 55 -4 57 -41 -85 33 -51 -13 74 58 -20 -87 23 15 -19 -95 -79 -14 -45 
-10 55 19 -64 73 16 0 61 -19 83 36 5 -61 -26 -93 44 51 60 -82 74 -83 -56 86 -41 82 -49 -18 -86 96 74 86 87 -39 -41 72 35 60 -56 57 17 83 -96 18 68 -64 84 -74 -25 -11 -61 65 -46 45 70 8 51 97 70 -80 34 54 -66 -60 -75 -20 -31 84 31 -22 69 -45 12 11 97 -42 92 -47 69 8 66 -80 23 -62 33 79 10 -10 32 -99 64 26 33 37 -67 -65 2 9 -32 96 76 -8 -44 -38 1 2 -10 40 93 -79 95 22 -32 1 -56 89 -54 59 -75 17 -13 58 21 25 -85 53 -65 -56 3 -33 56 -96 -15 -25 -78 18 -54 40 -15 49 33 -76 -63 -1 39 -73 -22 19 74 66 71 
63 -95 0 -32 -4 -94 -29 -60 -58 -54 71 -6 54 2 50 -28 72 29 91 -95 -79 28 37 99 9 71 55 -34 -81 19 -85 73 75 38 71 87 59 -32 59 -64 -89 -88 -2 69 -56 -84 -7 -27 -71 55 5 -91 -37 47 -58 -50 20 -95 74 -18 -5 64 -26 62 26 -15 37 -96 39 37 23 -67 51 -47 -21 83 98 -97 -51 -68 -65 99 -40 30 -80 97 73 -16 -30 84 -29 20 -70 95 76 -91 88 11 -45 53 88 93 61 -9 72 -35 -27 -72 76 30 -79 -8 13 -76 -21 -99 -89 -45 -61 42 -56 -27 67 9 -87 -43 -73 -33 41 15 43 -26 -84 4 53 19 -78 33 93 -20 47 -40 94 -75 46 64 -44 47 31 0 
45 3 -69 71 28 -98 15 41 -21 -96 -27 43 -51 98 70 20 -56 19 73 -92 -74 96 -4 27 -57 -11 83 -33 13 -67 -45 76 -40 -46 86 85 44 53 -47 4 93 -42 -15 1 66 25 88 7 0 -89 -5 73 84 1 -63 -71 61 -50 -29 22 50 9 85 -30 46 -14 35 -93 -21 -95 61 1 93 41 37 26 -82 95 -94 6 60 -61 6 33 31 53 47 -47 -87 -91 -6 -75 37 33 -78 -64 54 27 -4 56 4 -66 -94 36 -94 -39 89 -53 -27 -7 -54 -57 34 48 -44 -89 52 -91 -61 -72 -84 -66 -24 -74 -16 -45 -56 -28 47 -71 -54 61 17 -15 -19 77 -65 -2 92 -94 -1 77 64 56 -9 -85 -11 18 98 -79 
-81 8 19 60 16 59 50 -30 68 61 55 -46 -38 -16 -18 50 -46 52 80 -22 -5 1 -15 40 -36 -83 -13 -11 -68 -45 -39 18 66 12 -64 -23 -47 -18 74 47 -95 -16 51 -94 -74 68 -66 79 93 70 -79 32 -57 13 3 79 81 48 -30 59 15 -97 -57 87 -41 64 -15 97 -27 95 87 -53 92 85 -71 31 -36 -90 -9 6 55 88 -14 1 -67 -11 -87 -73 -28 77 93 97 60 17 -2 -2 71 49 89 41 99 49 -48 84 -71 42 -84 -11 79 1 45 -75 18 -33 48 -78 -70 66 -69 -41 71 -25 44 -63 64 -67 45 73 -46 23 -52 83 -52 -42 -1 -45 -20 -91 10 39 55 38 54 30 83 -10 -26 -98 82 -67 
72 18 70 59 35 87 77 73 58 47 -10 67 56 8 74 -42 -96 -81 1 40 61 -83 82 -40 -35 -29 -51 -3 -59 12 -71 -56 13 -80 50 25 -74 63 96 77 23 58 75 22 4 83 33 -30 -87 -73 12 77 -80 4 -22 -63 -89 97 -8 45 -34 -77 -82 -44 -6 96 -91 20 15 19 52 86 73 42 -24 -81 -6 -22 -73 -63 -45 -99 37 88 -69 5 98 -63 69 -3 71 -86 -18 -57 -35 4 -24 51 -75 69 -90 -32 78 20 -34 -51 -10 67 64 56 -83 47 -63 85 -18 81 -96 -65 -11 -19 -72 38 98 34 -80 52 -20 55 17 18 5 16 48 -76 89 94 24 -41 33 2 3 -3 -75 -51 -75 27 84 34 -17 37 
-14 -44 -20 -47 80 -55 -64 -13 62 -73 39 -38 -36 -8 -49 -59 -92 84 80 86 -30 -54 37 98 44 88 81 36 31 79 -52 81 47 51 28 37 8 -10 -79 23 36 56 49 70 55 -39 61 69 -96 -19 7 -42 48 73 -18 -43 16 -79 -12 -16 -35 62 33 -82 34 -55 -69 -3 25 28 62 91 84 78 -41 -65 -39 -72 -7 -10 25 87 -7 -46 25 -60 33 -72 25 -93 -61 -41 49 -39 51 -44 -35 66 -93 -78 -71 34 -70 99 -48 4 75 29 87 70 -38 -81 -10 41 -71 22 31 96 97 6 -5 49 41 4 19 1 -36 -34 57 10 88 48 64 -68 -34 -66 -41 29 65 35 -26 -57 93 -7 -75 -71 -6 7 -67 94 
-70 -33 -12 72 -49 -23 77 3 -4 55 -89 54 17 -88 -99 -37 54 8 37 -56 -98 32 63 7 63 -34 34 -59 -29 27 -96 67 -44 88 -65 33 4 0 -28 -71 93 20 -63 61 -74 28 -92 82 -47 55 -19 -43 -13 -98 31 -89 -81 79 96 28 9 -47 66 -72 47 -29 -63 98 -20 49 -62 -75 -37 -82 -86 -28 52 -53 -24 -35 58 76 -57 -78 -62 -40 17 96 57 14 -8 67 -3 49 -91 -22 97 -52 -78 -10 6 -53 93 3 5 -17 -54 -37 78 6 -22 -20 36 -96 55 -63 -34 89 48 47 77 -83 -88 69 -89 -6 -55 4 41 83 -29 -12 -60 22 -57 -27 -14 4 -59 4 1 -75 -5 -32 -91 -77 31 59 -48 69 
5 -61 -40 -36 80 -9 -24 -5 93 69 -21 -77 -34 -81 -5 -23 -49 -38 45 32 14 99 -28 -94 -18 40 38 53 -20 60 -33 26 -49 -18 82 11 -33 -78 -13 -78 26 17 -81 -86 -35 -51 -32 79 67 67 2 20 13 62 78 -11 7 -28 -37 -37 -24 10 99 1 -60 26 -23 -36 -21 47 61 63 63 84 -87 90 -17 38 -30 -57 89 67 -81 -58 66 52 15 36 59 32 61 -39 30 -32 -1 51 -95 -49 -10 -99 -21 79 -17 -44 -90 -36 92 -66 -43 51 -43 -64 -64 74 58 24 97 -43 -39 -33 -68 85 -23 83 63 -80 -77 95 -52 91 86 78 -63 83 39 -63 -72 77 54 -12 -27 -49 -37 -80 -14 -59 -72 87 -78 -43 
41 60 -44 -87 75 -87 -22 99 67 16 91 14 -67 -49 -20 33 13 80 4 -76 89 -5 43 18 21 -89 -68 87 -23 89 -46 54 -73 -79 58 27 48 -74 -90 -94 41 -64 -97 56 -91 -38 -56 -60 -93 -95 79 -21 17 -40 -56 30 84 39 -24 -23 -24 -35 -67 -68 17 -25 68 96 86 10 -95 -10 -69 21 -78 28 -20 61 0 -70 -22 42 -97 -28 -9 49 -14 -84 46 -43 87 41 -80 -41 49 83 4 -97 15 60 42 99 -13 92 -22 -72 58 21 63 -18 -73 35 79 -72 -26 11 76 62 -14 75 38 62 -90 63 91 -39 7 96 -54 45 44 9 26 70 -77 87 56 -15 68 97 44 -80 -5 61 -70 -47 16 82 -28 45 
-93 13 35 48 10 -55 91 -95 -37 -29 62 -68 44 79 -30 -80 -13 -21 99 34 -70 -33 -56 -57 21 42 70 -73 64 56 28 94 90 -35 -45 33 -77 -24 -89 -88 -35 -10 -16 -82 66 43 -10 51 -14 8 26 37 28 36 -89 68 99 25 22 -87 -3 20 39 -26 28 -83 92 84 94 88 -9 81 36 -20 0 69 42 -12 6 -91 6 -25 33 -8 11 70 82 83 -83 95 -1 93 63 20 25 -51 24 25 -94 -70 23 -20 -6 6 -81 44 18 62 77 9 41 97 -51 -57 76 -4 12 -70 -53 49 -14 73 17 41 -89 69 -58 -36 -78 -73 -49 72 65 27 -47 3 35 -57 52 -26 98 -25 35 -82 39 68 -40 68 46 -8 
-41 48 2 -46 48 -20 44 66 -95 31 97 -50 63 63 -22 -94 -97 -86 -16 15 -3 94 54 -45 26 79 -98 21 91 -47 15 -20 93 -26 16 -75 56 21 -44 33 -28 -74 -66 5 18 62 4 -39 -57 -3 -44 62 -28 27 -6 36 -82 79 -26 -19 74 13 22 32 -59 -86 -72 13 -88 53 -26 -66 81 12 -80 -37 43 25 -68 -27 -4 -1 56 78 86 44 -75 -19 1 -43 -87 -81 -49 -60 -3 -26 87 -16 51 89 50 54 -65 85 0 -41 -14 83 -34 93 68 21 -81 87 -5 -18 -50 -61 -52 -61 97 -1 60 90 44 83 -76 3 59 44 78 -69 51 -33 -97 -59 5 74 -69 33 -37 -38 38 -20 22 42 38 -17 -38 -32 
83 35 9 -99 -15 -47 5 81 -59 52 44 62 -50 86 29 -4 -41 35 -88 43 -99 76 90 -20 -22 -83 -16 76 -5 -45 -74 36 38 46 89 -21 47 3 46 8 4 -54 -4 36 -97 55 -65 -17 -23 21 -94 11 3 44 27 42 -78 53 96 2 24 -5 9 23 -43 -96 75 -87 78 7 -75 -49 -3 -36 76 -22 66 50 -44 3 -57 42 -44 -97 -19 -58 -31 -16 -88 1 -5 8 14 -27 3 -86 -68 -92 -16 -17 96 44 -30 73 -6 91 50 -67 -24 -72 98 -48 8 99 69 14 -5 80 39 -13 32 58 20 96 -54 -6 65 -83 85 -72 75 -84 14 99 3 40 27 3 -64 79 -11 7 -49 -23 73 -8 -44 -77 50 -83 
-19 -21 -64 -92 93 -74 -34 -16 66 23 -37 -98 -68 -57 19 -70 -71 -92 -42 8 12 -34 -15 -95 -38 30 -8 25 9 40 42 -71 80 -11 -56 -58 87 -83 -39 -34 -37 -98 13 -89 7 60 -65 38 -9 -91 -84 91 -66 -90 90 76 -56 1 -6 90 -83 -88 41 41 81 23 24 78 -51 -57 0 73 13 -21 -14 78 10 83 41 -39 24 34 -14 27 42 76 -70 84 -58 13 44 -2 80 -48 37 24 -94 -24 75 76 -90 -77 59 -30 -40 43 73 85 83 -41 67 89 -54 -24 -32 50 -21 92 -5 -90 8 92 -55 -2 -83 18 -15 56 -98 -45 21 11 -23 -46 -72 -44 54 97 99 -61 -63 -13 26 19 16 -75 -63 77 -7 -63 
-46 -27 -27 -2 -70 73 18 -5 53 98 32 -56 -77 66 25 10 93 60 -44 -25 85 78 81 26 1 43 90 65 -52 -63 67 74 -73 42 52 98 -65 -55 -85 28 73 -28 41 32 -8 -66 -98 -90 -12 -96 -93 75 -50 49 -60 -28 39 88 -35 66 90 -10 30 14 13 12 85 64 86 6 14 -57 -17 3 37 13 42 54 86 -27 87 -91 13 -84 -22 10 47 86 -78 83 20 -74 6 79 -69 96 -1 -51 -99 13 61 -63 58 35 44 83 -22 -98 -69 84 -51 -25 31 80 -18 -14 -45 -77 -10 40 -45 -70 -86 -50 72 30 -76 7 58 -28 62 53 -43 -17 30 -66 86 93 45 93 41 1 14 52 -21 79 -62 -66 61 -91 
33 -65 27 15 94 -97 -96 6 91 34 -32 -86 34 -55 37 -4 74 18 78 68 -80 5 65 34 31 -13 -98 -18 -95 -44 40 84 91 60 -18 -69 38 61 -83 -26 95 -64 -39 63 -85 25 87 72 51 -71 -73 53 45 -45 -7 -45 76 -5 -14 -91 -58 -74 93 98 -23 -80 53 -56 -96 -83 -12 -28 92 38 -71 -26 -11 47 97 -45 -19 -69 -18 -72 8 96 -2 -77 -95 71 -98 76 -60 59 40 49 -45 32 -90 78 -11 -75 -2 71 -91 52 -29 44 84 97 86 39 -88 66 -71 11 -60 -21 -92 -82 95 95 15 -76 0 70 -17 40 -55 -39 43 -74 15 -46 49 -39 30 -18 -31 -90 -13 -72 64 14 -10 78 -91 55 76 -21 
2 36 9 -98 -54 -15 -19 18 92 -33 -92 -51 -42 57 -35 67 -90 -75 -55 70 17 28 22 57 67 -14 67 63 80 -10 6 -63 98 6 79 -27 -48 18 89 51 -30 -45 73 -84 29 -51 0 -74 -58 45 -75 31 45 -95 -9 -34 32 -27 -63 -22 14 -57 -95 61 -35 -55 -87 4 25 -9 -19 91 -13 -62 -95 -64 52 39 -52 59 -16 -37 5 -21 24 -83 57 80 10 -86 79 39 -97 -70 -96 -34 -4 99 78 -6 66 -13 86 -89 34 -66 77 -56 22 61 1 95 24 -17 82 -65 -15 -73 -87 -84 36 91 -80 83 -48 -76 -52 3 76 -95 -26 30 -89 -28 81 -54 -14 74 -99 13 -51 -27 41 60 43 -88 -23 93 12 46 
21 41 89 -67 -19 -18 97 -22 -84 61 41 -83 7 -49 -89 -23 -46 -99 -60 29 7 89 -37 11 -6 -82 56 -34 -95 5 19 18 -41 -88 82 -6 -25 62 89 12 -72 -52 -88 -55 88 42 93 2 56 62 -14 -33 73 38 57 -24 -17 -70 49 26 -16 -76 91 -91 85 35 68 20 -49 -47 -78 -79 8 10 -80 -98 -61 -1 -71 91 -14 -30 -51 24 77 -65 70 -97 78 -82 62 98 48 58 -22 -77 73 55 -44 -19 68 47 -32 3 -10 -66 33 57 6 -21 -67 -86 -52 79 22 8 2 87 -73 -75 85 -80 26 -55 -6 -25 29 -68 -19 19 -85 -65 75 -71 -38 -99 -86 25 -43 -34 -71 85 -26 -21 -67 -24 9 64 96 40 
98 -99 -9 -1 -49 -65 -85 -6 74 92 0 60 -3 80 -31 -22 32 75 -84 91 -31 84 -40 -90 -11 -79 46 -50 -77 -95 83 2 -76 -93 71 49 1 80 34 94 95 -87 -2 63 12 -81 22 -17 -57 -44 70 13 -39 -11 25 -56 3 38 -40 -41 59 43 14 64 -35 76 84 -50 79 -13 33 63 -37 50 83 88 73 24 72 -37 12 35 84 -16 -3 37 81 38 -73 -62 -96 -31 -95 -95 -74 93 -38 -30 44 -36 -36 -55 64 -65 18 84 -3 -5 -75 -74 70 -14 -28 -4 98 -84 60 80 29 -5 -63 70 22 -63 -56 36 29 -12 -68 -69 -29 59 95 46 88 22 -54 -72 1 48 6 68 -36 -4 18 -76 92 -91 -56 -96 
2 -30 85 -26 39 27 97 31 -17 -86 0 31 41 76 68 67 -57 -74 11 -76 4 91 22 -71 -60 28 -12 -15 68 85 33 -6 29 46 -14 -51 -88 -21 -60 13 -52 51 40 61 12 54 86 94 72 -12 5 6 44 2 -25 -63 89 45 27 97 44 26 -26 5 2 91 -83 49 -79 86 6 -28 -32 69 -89 -2 -59 98 -96 22 12 -47 32 78 -97 77 40 27 -89 -4 -28 46 99 99 -37 -57 95 5 3 0 -14 29 33 39 38 -83 -12 16 -73 -28 68 80 -58 94 92 57 12 -19 9 -5 37 -42 -83 3 -13 -91 50 -44 77 -34 -16 68 -62 -13 -4 13 38 -32 6 48 -23 -57 50 82 73 29 29 4 11 10 
