-98 -53 -15 -35 3 92 -21 24 -80 92 -83 -96 91 -54 1 43 -62 6 -69 -45 12 -93 -6 15 39 -6 -92 66 -10 44 25 58 21 -28 -32 12 -75 -47 46 87 72 17 -94 34 -30 -48 -71 4 46 -73 72 35 -97 3 65 -65 3 89 -6 -23 8 19 -15 84 -8 -78 -56 21 -65 -86 9 63 -67 73 67 -38 -14 28 -58 -99 -26 -88 -76 -70 -18 -23 42 44 -26 22 -2 28 52 70 16 5 -37 -90 -30 5 -36 -89 -27 55 -63 4 -60 -55 21 -74 35 -58 36 65 26 44 50 8 -16 -30 70 -70 75 34 37 41 -5 -89 46 -2 76 49 54 -23 -31 93 -47 17 3 -56 25 6 27 34 -62 77 -58 -16 -6 -73 
23 -20 -58 72 90 -92 -31 -57 46 77 -58 59 -56 72 18 12 -41 -68 -38 -18 -92 86 33 21 -5 -75 -27 -89 -63 74 36 25 16 -77 -71 37 65 41 -29 -10 -37 30 45 69 -92 69 44 19 10 96 -85 -65 72 -9 -23 -18 -79 39 -99 -87 95 -89 3 81 43 -80 86 -81 75 30 92 28 3 67 -21 48 -64 -18 61 51 76 -81 93 -48 -81 5 -32 26 -1 52 -23 -64 85 49 -96 -56 -73 2 -64 -81 -74 -20 45 36 4 23 -28 78 6 -68 -90 55 56 -11 -59 92 -41 -8 -87 21 75 -76 53 39 -21 -67 32 74 12 -61 -98 39 33 77 -46 54 -83 26 -47 76 -30 -64 -95 93 -61 92 -23 96 -72 63 
45 64 -22 63 -43 -35 79 65 -87 14 32 94 -10 -12 -4 71 -72 -77 20 8 -46 68 -21 -39 -33 39 24 80 64 83 -41 49 -63 -52 46 -35 76 -23 -27 13 -12 -58 -34 82 69 42 44 85 89 -92 -94 32 90 -61 3 87 -67 37 26 28 55 12 22 -12 -13 -71 -26 61 8 24 -99 93 -1 84 -89 -55 -36 -34 69 30 -5 -26 9 -79 65 -18 -35 45 -73 -95 52 -95 -86 -81 70 69 23 -56 -35 55 70 -2 -2 38 -85 84 22 -2 50 93 -33 -52 -67 -68 -72 30 89 -46 -77 38 73 -17 21 -31 -76 53 92 0 -67 -76 3 -56 -26 20 21 98 -56 47 -1 69 -49 46 -31 67 73 26 -20 -23 51 -33 
42 85 0 90 -66 33 -51 88 -14 74 -38 -26 -47 -44 -52 -52 41 -16 -24 -31 76 67 25 86 -72 -35 -63 93 64 -29 76 5 -24 -72 -49 0 36 8 -23 -30 22 54 74 -42 43 5 -63 27 -34 -55 2 -27 35 69 -97 95 -26 22 24 59 3 45 19 57 41 -49 -4 5 -61 30 -9 -91 54 -55 -60 63 30 -13 -41 -65 -11 -21 -59 -65 -4 62 51 35 -66 41 17 76 19 -75 47 65 -87 -70 66 33 -17 76 58 30 26 51 83 4 -74 -48 72 15 -64 -65 -42 91 72 40 59 5 -68 21 95 -82 25 -22 5 -43 -93 -44 -6 -64 28 60 63 82 44 -73 -25 -23 6 8 0 76 -2 -85 95 99 -60 -76 
-6 -42 27 44 -95 0 17 12 85 -38 37 59 93 77 35 64 2 30 33 -82 12 -78 -3 41 -92 47 -79 -22 78 54 -28 85 -62 -29 60 -89 -54 -72 -88 71 -2 -76 24 56 -71 -13 -99 -67 -5 -1 68 -95 -46 -56 71 -5 78 -42 29 58 -91 -8 30 -91 39 -36 31 -8 -69 -93 78 11 5 -1 -77 44 -83 -42 -62 59 13 79 -80 96 52 50 -80 94 -14 91 96 -33 82 -93 -48 4 94 28 -13 -65 -90 -4 69 8 93 -15 -18 20 49 52 79 77 -65 -34 -62 19 -14 -78 49 83 -69 51 18 -99 74 -4 75 -33 -31 -81 -74 -75 32 53 9 29 -77 -42 61 -17 -33 36 95 -18 75 86 -88 -73 -76 -18 
-56 -46 -4 63 -15 -98 14 -58 70 -26 66 67 -52 96 -24 -81 56 -75 7 0 -51 21 76 -35 3 -48 10 76 25 64 55 -23 31 -49 -21 82 -84 -74 55 -29 -18 82 28 1 73 -91 68 39 -30 -42 31 -64 56 41 -6 25 48 -95 96 53 33 74 48 36 11 -98 -71 41 82 4 -88 98 -42 -55 -57 -39 53 -42 -46 72 -32 -71 -5 79 -62 60 58 -36 90 66 -55 -60 90 -69 -51 11 67 41 5 28 -79 48 -11 80 71 84 -19 77 62 -35 42 71 -95 -31 -91 30 -35 -1 80 -57 76 -62 64 -67 31 93 -53 -9 -1 -44 -25 20 74 -35 29 -33 -15 13 57 -95 -36 -93 56 -71 67 -53 -55 1 9 -93 
-22 67 83 -17 28 23 -84 42 -85 77 12 -52 55 65 -21 12 27 7 -98 36 -20 -10 -25 -92 -92 -86 68 -85 -70 73 -89 -14 18 85 -55 36 -25 -62 69 28 -92 -31 -34 -20 49 -86 -51 -33 -96 41 80 -97 64 -37 -54 47 -65 -16 -85 32 31 74 76 -31 -32 -19 -2 -43 -64 -49 13 49 87 -51 82 46 33 0 67 27 56 -79 95 -82 3 -49 -44 35 -75 62 40 -42 61 51 5 -80 55 32 27 6 -63 43 -77 -96 87 61 3 -23 -46 -49 -91 -51 74 38 96 -30 75 92 -80 -7 -18 97 1 28 47 -75 21 -23 5 -17 22 51 36 -86 -77 -7 3 16 25 13 -66 30 49 31 71 39 31 -39 -85 -79 
-87 -81 60 16 -50 -59 -80 96 -62 49 70 -37 -98 94 -32 64 -50 44 -94 -51 91 18 -39 79 72 -37 -27 -79 -43 -34 -98 -82 17 -44 -40 14 40 40 -79 3 -12 -52 81 52 30 69 64 94 -66 17 15 64 23 43 37 7 89 -2 -65 -22 -24 81 -5 33 90 21 -94 9 -79 28 -18 23 48 12 3 84 23 -57 48 -74 -75 39 64 9 18 -12 68 -52 86 -71 51 -83 -83 -78 46 -44 -58 11 -76 31 -11 -4 4 -96 52 -67 99 40 -3 5 32 9 52 -38 -18 90 -47 -70 -62 -63 -48 90 -87 0 -48 76 -22 72 -29 51 40 -52 80 16 31 -59 74 8 -52 33 35 -92 29 -48 -22 42 91 47 37 38 
50 -16 46 39 65 35 -50 24 -26 56 88 1 32 85 92 -56 -93 53 95 -27 -42 -68 31 75 -53 -29 -20 69 29 69 65 3 91 61 78 -69 3 -19 -58 79 -50 49 92 99 -17 75 -17 81 39 84 90 -66 -8 -2 -81 67 11 -13 15 -67 -91 21 -1 25 83 -33 -74 -91 94 8 -91 -43 60 -71 -74 -93 -36 -46 6 31 -21 95 -77 24 -42 -90 -10 36 -99 63 -66 44 -75 -11 -84 38 -20 35 -47 66 -34 55 -81 16 -34 -13 67 -2 -19 -45 69 -66 85 60 12 -87 -6 -84 91 -5 -72 -30 -63 85 52 -20 -77 89 54 92 90 -48 -24 -25 -6 1 -53 6 26 55 6 -28 -39 76 -62 52 -95 61 -2 -70 
-84 81 -47 73 87 -32 -51 -73 29 83 -41 -62 49 -3 -44 -36 -69 -96 -99 47 30 9 65 91 -59 -16 -54 -21 25 -64 -41 -94 5 -86 29 -53 99 -85 82 70 1 -83 -20 -65 76 -14 -62 -12 -85 -22 -93 -56 65 12 -7 88 -32 -16 41 -12 83 47 23 25 43 21 38 -69 -43 17 94 -2 6 -50 -88 56 -78 72 -73 -88 -18 -96 -84 -91 -36 -33 -59 25 -96 -24 -41 -11 -14 58 -59 -70 59 -27 -87 -86 62 -25 -54 -83 -20 -78 -19 86 -62 -50 15 21 30 40 -74 39 -32 -48 -7 -30 -55 -91 30 46 64 -28 73 45 43 -45 37 -27 42 40 7 79 -13 52 60 87 -91 55 -13 41 81 0 -24 -70 -82 75 
20 -15 54 18 79 28 46 12 -66 91 -91 -48 22 -99 -56 -14 52 -65 2 50 42 67 -86 -29 32 -70 -5 77 91 -43 25 -42 13 -33 91 0 57 -69 50 -5 -68 -7 -23 54 58 -10 -90 71 -80 18 7 2 10 -54 19 89 72 -23 82 -29 -68 -45 28 91 56 83 22 -26 -15 -53 -16 29 61 -65 -49 25 -7 -71 -10 28 9 4 -88 -78 -37 -78 -43 23 61 80 -29 -50 96 52 -32 85 -10 -80 56 -7 65 -28 -23 11 -88 30 -40 38 -64 -91 -99 73 10 94 1 -78 -6 63 -33 12 42 -45 -63 48 68 -35 -7 80 57 19 -77 13 8 -3 17 -25 -47 -99 -8 -11 80 -69 -36 12 -47 -9 -57 67 -14 57 
-42 72 68 -91 -65 41 -51 3 -25 74 -29 -99 22 -21 62 -34 -8 81 -58 -76 55 62 61 -9 72 38 13 -37 6 -50 -86 78 27 46 -45 85 -65 -56 55 -95 43 86 -11 73 -50 90 3 -18 45 19 -68 10 -27 -21 99 -17 71 7 -9 -46 -97 -38 79 -64 97 -38 93 -86 -56 90 36 -23 3 -67 66 91 -11 68 -82 43 -95 -13 27 43 79 -82 98 -53 -94 -60 10 -68 -20 -77 -49 85 66 -22 27 10 46 28 80 66 42 -2 79 44 -65 -78 -5 13 -59 84 62 49 -98 28 96 -40 31 98 -31 24 13 -5 -25 -29 11 74 -84 61 58 -8 77 38 25 52 33 13 99 2 -35 94 -84 22 -74 -78 -38 18 
40 -85 8 -81 -23 64 -50 53 -77 69 -89 89 70 -6 -99 33 71 -99 -74 -58 34 -97 93 63 98 -92 0 -62 -43 61 -23 -32 -67 32 -89 -78 -92 16 28 76 60 35 -11 -59 67 -10 59 12 71 -27 -91 64 47 79 0 44 -22 25 94 7 80 -74 81 -68 39 19 -90 70 39 -97 -89 -91 -35 -8 -73 23 -79 56 13 38 62 38 1 68 33 -27 36 -27 88 -17 76 39 -6 -15 -44 -10 88 12 35 57 21 8 4 44 71 82 -6 53 -75 -99 -87 37 -20 8 15 -2 -53 -65 -75 -8 77 -66 33 69 -49 -34 50 21 39 77 11 43 49 86 -89 -4 -2 -87 12 -36 -8 8 -55 -28 -84 69 28 1 60 -8 
12 78 -39 54 -18 -57 -14 94 -78 64 55 17 -71 -95 7 -14 69 49 -5 -86 -62 82 85 -18 -74 -48 -84 -61 33 -45 -48 -24 53 -68 56 -92 -48 -1 -51 -17 6 -1 49 31 52 -4 -88 -27 -36 -16 78 -83 -94 -55 -68 56 -14 -57 90 -32 -99 -13 -25 74 -76 9 14 32 16 -3 53 77 -54 48 91 98 81 -32 28 14 5 -42 -78 -36 68 86 -85 -98 -32 -98 -75 -81 61 -62 -26 88 -33 38 4 -28 83 -79 -53 62 -16 -4 22 -36 -5 -83 5 18 20 -47 -27 59 -92 93 36 82 -19 60 71 -23 64 43 -3 -49 22 -92 -94 41 27 67 -43 -87 -73 -52 57 39 87 85 -13 41 4 -54 -95 -53 81 87 
47 22 86 65 14 -34 76 -54 -8 -14 -25 -58 -42 -28 -36 -7 2 -40 -24 -77 -28 48 58 -86 -75 22 -92 -61 -47 -40 -21 -59 26 -46 -94 -52 68 -63 -43 54 -89 7 -24 44 50 -26 47 -32 -68 -28 20 -74 -96 -21 -34 5 28 38 -24 -86 54 77 93 -40 -15 25 -45 73 -92 57 5 24 -34 26 -99 58 -46 -62 7 -1 97 42 -16 24 60 -95 38 34 -60 -2 -2 -40 -84 92 -3 -58 -31 60 -50 72 -72 -67 -63 15 -58 79 -97 82 -27 88 -14 39 -91 62 -61 19 29 49 59 -28 -71 73 -11 50 76 92 52 -44 60 -98 85 63 88 63 18 48 -51 -83 -32 -94 -1 51 -78 56 -15 -43 -83 -13 -49 86 
-3 48 92 93 21 16 90 74 89 95 84 -4 -30 35 -12 -28 -24 26 19 -48 -23 -95 -98 81 71 31 -30 -30 71 -77 46 -58 -26 -59 -1 -92 -89 94 -56 81 -43 -49 65 44 22 -14 34 69 -16 37 58 -11 51 10 -62 -62 23 42 -83 -11 12 99 70 -82 44 13 9 -24 -38 97 14 -59 75 43 47 -90 50 10 -63 31 70 24 -41 -56 35 -18 76 57 -59 -52 93 -58 -59 -50 -35 -66 93 4 20 -2 40 -53 -5 -29 32 19 -58 96 35 67 -78 23 -90 -46 -18 -97 -26 3 67 73 26 -29 42 71 -12 39 -3 -62 -59 59 -96 -75 -27 4 45 97 -18 70 88 -76 -78 84 -85 98 25 6 65 72 -4 -88 
-23 -97 -91 67 81 32 94 64 -3 -28 -72 9 -2 46 -79 11 79 79 -45 52 67 60 6 43 89 64 54 32 97 98 22 -56 56 58 -58 -74 85 65 -60 -40 75 -13 4 83 66 16 -45 -65 -79 92 -58 -21 -56 -2 -1 -99 9 33 66 -1 -97 29 -59 28 -53 94 -87 -22 80 83 -82 20 26 24 -82 -24 -4 34 53 -39 77 63 37 87 78 -76 85 72 64 65 3 40 -50 -37 73 33 -1 16 -9 20 99 2 -20 -95 38 -83 46 -83 68 -29 64 -76 -34 -15 -16 -53 7 74 44 -96 -71 56 -63 21 -21 -37 -6 90 78 64 14 -2 -6 77 -87 36 -72 -13 -95 61 48 73 -21 -71 -44 -20 -51 -26 -33 67 
54 98 -22 -30 -68 55 -47 -66 25 -72 -58 48 4 80 -62 -82 -78 57 -17 -96 -56 -61 45 68 -65 2 -53 -44 -74 -90 -76 -64 -82 -58 3 75 -33 85 -84 -52 -64 -49 -5 -94 -70 38 38 15 98 89 -98 -34 17 91 -17 37 -75 -5 -24 -30 -26 57 -61 -84 63 52 -25 -59 -40 -54 -88 -90 -48 -27 -86 94 9 3 -97 87 -99 39 -44 6 8 11 65 56 -20 -17 -52 44 66 80 11 44 -61 88 33 20 -88 -23 -31 41 55 -16 93 -75 -43 -36 51 -49 -91 -41 -56 -44 30 17 -34 -60 -33 -80 -42 -15 49 23 -77 -61 -72 67 54 -19 -5 -72 -73 -31 -41 -36 96 -51 -14 85 39 -99 97 73 84 -25 -22 -98 
-26 -72 -41 -3 51 72 -65 -62 56 63 42 -29 -19 -88 -98 -80 -14 78 -37 -29 71 46 17 73 24 -91 7 92 -55 58 -96 -2 -58 47 84 -78 9 -35 -51 -25 -6 -35 58 -95 -44 43 -38 3 -19 84 95 58 -61 95 -38 -42 49 74 23 80 89 91 7 -50 -27 2 -6 -27 -81 -29 -17 -85 84 -35 73 83 4 38 -73 96 0 -64 57 -9 91 31 21 35 99 -82 -34 -45 92 -12 23 79 -52 19 66 -79 -23 -60 -99 -26 -75 77 -94 60 51 -94 -10 10 99 5 -11 -94 73 97 -69 -57 85 -84 45 83 46 28 84 3 -96 63 74 -13 97 -71 74 23 41 95 93 78 -52 6 6 -43 -56 -97 -45 34 -61 76 
98 -23 -86 -35 -46 -24 53 7 62 6 -28 67 86 -64 -8 92 91 92 -18 -52 45 74 -92 7 76 -76 75 -82 -50 2 73 -39 -79 -37 40 -20 33 -53 -19 -89 89 23 19 -87 45 10 -11 -99 -31 -36 18 67 -94 -60 26 24 -59 -80 18 -65 68 68 -63 -7 -22 -22 -25 4 91 -77 77 -1 -20 -86 -82 0 -58 37 -60 -14 45 34 -9 -5 67 14 -4 67 -73 72 31 31 38 -89 5 -51 64 -33 95 66 0 -31 -93 -76 82 -6 -91 -41 -86 77 -92 -51 90 -14 -33 53 -63 99 -54 61 41 67 99 -57 -86 20 -80 32 -87 31 -51 35 -73 -34 -4 -73 64 14 34 -17 84 -90 57 -6 -6 -97 44 -66 52 40 
-39 46 26 -50 -32 -37 48 3 50 32 -99 33 89 77 -28 -86 83 -2 56 -30 60 -30 -12 82 -51 27 83 37 -30 -2 -24 47 30 -61 -97 -32 -68 -33 -82 -87 88 -7 -30 -16 95 38 72 50 64 5 95 -96 8 58 45 47 35 -39 77 -10 -54 -17 24 -78 -6 -17 -77 34 -8 65 -31 64 7 -7 -66 -97 -9 -80 39 -76 -69 47 -75 -93 49 -40 -88 28 70 69 26 37 26 -17 -10 -98 -76 -1 -4 46 -12 -23 61 9 -48 -54 -13 86 1 -34 -8 0 55 3 -44 17 35 -61 -57 77 99 86 -23 -76 -37 99 0 68 9 -50 74 -41 51 -97 -54 45 10 -54 -55 -60 2 -71 51 -90 -22 37 1 -13 42 10 
20 92 43 -50 34 98 -93 -10 55 48 5 -96 -16 -11 79 77 -39 -95 -64 98 96 -51 99 17 11 -48 -62 -56 -73 -78 -30 55 -95 -76 55 -18 12 -53 9 -32 79 22 45 0 -56 -94 -95 -43 33 97 48 31 -18 11 5 -27 22 76 57 34 96 -99 -71 21 -34 50 95 9 90 49 51 65 -40 83 12 -80 -95 69 -74 51 38 -22 19 30 92 11 -78 89 69 -43 -23 57 -72 -3 98 55 -61 89 17 -62 42 43 -48 62 -55 42 99 11 37 -80 74 81 -17 85 -40 -52 -9 -73 -33 35 8 60 90 34 -29 -66 -78 31 -2 -75 -69 73 -15 -4 -18 98 78 -93 13 1 -97 70 -73 95 70 -56 -32 94 37 95 
-65 -31 18 -15 -59 30 7 -5 64 -51 22 -30 -4 -95 -38 -29 5 -58 -15 -22 36 -14 36 72 66 -17 64 12 -75 -16 13 -94 -51 -29 -84 -67 70 7 7 41 -83 -46 -61 11 91 -38 69 -36 -97 8 72 75 -13 20 79 -63 93 -63 64 29 -34 -24 -93 28 35 -27 -50 92 -78 37 -25 66 -41 -20 30 25 23 48 37 -47 95 -43 79 80 -47 88 68 93 27 83 11 18 -55 -57 -96 98 56 43 -95 72 -72 9 -23 -36 -51 51 27 12 78 55 12 -15 96 24 70 86 72 86 -36 40 -46 -32 47 -4 -42 79 -62 38 -39 -56 64 -84 -95 -86 -50 83 95 -20 -46 31 -81 -44 21 15 60 79 -87 -67 19 -52 
38 -93 -89 -45 -85 39 96 19 -6 33 17 -16 75 -95 -92 56 99 28 37 47 -25 47 75 -86 -29 72 -51 -41 -33 -4 41 -74 -85 50 77 24 -62 30 -62 74 -31 -30 -36 -21 76 -90 -62 71 -97 -73 96 -56 -60 93 3 75 54 61 -47 -35 -62 42 85 13 -95 55 -81 20 88 38 -4 -53 -74 -95 70 20 -67 72 -21 -14 -43 -46 26 38 51 47 15 91 67 -63 -93 -58 -40 13 0 25 -92 54 -12 78 23 31 -79 -31 -48 24 70 15 31 25 41 2 -48 30 46 11 21 43 58 83 -30 76 16 -59 20 -87 -64 63 92 60 -77 -21 -78 -28 -93 34 69 54 41 43 75 -84 -80 -36 -30 -3 37 49 -39 30 
62 -53 24 -45 25 -31 -31 -89 65 -71 -33 -58 -32 -15 -63 78 -34 68 -15 21 24 -49 -88 -71 94 -69 -27 58 -89 -56 -23 74 25 -16 66 -24 -1 -78 -46 80 58 -63 -52 77 16 31 14 50 -99 -13 -64 98 50 -17 -77 -25 44 31 -20 9 90 58 38 93 39 6 -86 53 -48 25 -57 3 47 -16 56 32 52 -20 -56 -62 -24 64 39 32 75 52 -23 92 -28 -33 36 34 23 20 80 28 -56 -26 -8 81 -18 -19 93 52 44 -72 49 -81 67 -61 -4 -41 -27 -53 67 63 -14 -91 2 64 -54 -71 -96 -9 92 96 10 85 72 -15 45 51 -82 27 37 -86 52 -36 -73 46 58 -20 -25 -24 -65 64 -39 -2 -69 -57 
-22 -48 72 74 52 47 76 -15 -67 -90 -59 42 -35 8 -32 1 69 35 25 -11 7 -27 97 24 -15 53 -55 79 84 31 -10 97 -3 -81 -65 89 -53 4 -92 -41 -2 -40 -86 -32 -13 23 17 32 87 -7 -41 -19 36 -58 -10 -31 -98 61 45 -21 -62 -51 34 46 -34 65 -61 -32 6 17 78 17 5 49 8 -83 -74 27 -78 -25 -84 -40 -20 20 98 -16 58 3 55 54 68 27 -73 -23 -74 5 -73 96 30 -39 24 -45 -14 -78 -23 3 -18 21 73 -70 77 -31 59 87 22 83 65 -10 -57 21 97 87 -96 42 10 93 29 6 1 -60 -73 3 43 -1 -15 -87 -97 -64 50 -57 12 -6 -88 98 26 96 -63 -23 -32 -60 
-8 -77 -3 33 71 34 64 -92 -51 37 -48 -89 8 -25 63 77 17 76 42 -88 -17 85 69 45 -91 -3 55 -19 -46 -19 -57 -72 4 42 -2 96 -4 -91 -70 -26 -72 -11 -31 60 33 -11 -10 -54 -71 29 -99 -24 -1 62 -9 -6 -6 -8 69 61 -20 -42 -18 95 -46 -77 -31 82 41 -61 60 -98 -38 -55 69 17 24 5 -49 84 -91 99 58 9 10 -46 51 26 22 -66 -99 12 63 51 52 1 -88 -69 42 -54 -7 -84 35 -76 84 -52 44 65 65 -79 96 -50 49 98 2 -76 80 63 -38 -10 -90 37 80 -29 -90 99 57 -81 28 -34 74 4 83 -70 35 72 -75 -86 -80 64 -51 -85 -44 82 -1 -89 28 99 25 -10 
29 43 38 -48 27 76 -58 -14 -58 84 -42 16 -55 58 43 -23 -51 -23 90 30 -81 -66 46 36 -47 96 -89 -11 45 -95 87 65 -43 -59 9 -24 81 -3 46 30 84 -58 -69 97 -28 -83 -93 -99 15 -79 -89 58 -52 -32 52 5 76 -90 45 49 -44 -26 -89 23 -79 33 -95 40 -43 -97 59 96 -67 -58 79 -7 -93 -53 34 90 -32 -21 -90 -99 15 -20 63 -80 -85 -60 -78 56 34 10 -22 23 13 86 -11 21 17 -52 45 31 91 28 -30 -59 82 -20 58 -88 28 -31 -55 35 55 -75 94 54 -39 16 56 -72 1 71 10 91 -5 45 -66 65 29 -24 68 58 -4 -99 70 -25 25 14 76 -67 48 65 10 71 87 -90 
93 -44 0 -87 41 50 -69 11 -9 74 44 -51 -82 96 -57 19 -45 -15 46 -50 43 -36 2 -9 -92 27 43 23 29 84 41 -47 -32 -8 -78 45 -73 84 44 53 -38 -95 99 95 84 59 58 7 -64 -14 69 81 -90 78 -93 -74 94 76 -70 53 4 -72 81 -47 -69 -90 0 -36 -83 -53 -76 18 43 28 -24 -28 -64 45 5 31 -65 -67 78 -2 -7 93 -35 13 -78 55 75 -9 9 -47 12 19 41 -12 -76 -83 -75 -87 -55 92 15 -20 61 -69 -29 37 3 63 -17 74 86 -15 -33 -41 -88 63 -52 82 77 -93 78 -2 -35 59 90 -71 -33 61 19 41 -45 -10 0 22 4 -47 -90 -87 22 -22 -1 -26 26 -1 -38 29 
33 33 -64 -10 -66 12 64 -79 84 72 74 1 72 -65 -53 58 13 -2 96 -29 66 0 -80 -61 34 -55 59 24 85 65 -41 83 20 -93 -90 25 25 93 19 -10 -10 -90 66 55 -83 -34 -6 -55 54 86 30 50 36 20 56 82 -23 -87 -38 -6 -24 -85 15 -27 87 -66 -45 26 67 -27 -85 41 52 93 -84 33 68 9 19 -50 -89 -94 40 -38 -91 -39 7 -93 -1 88 -82 40 -65 -83 39 -41 93 99 -34 -64 -63 38 -2 -10 -54 82 30 -69 35 49 -63 24 -83 95 -60 92 -88 0 89 46 98 -91 81 12 -22 -73 97 23 -33 -38 91 -43 79 -6 95 62 -77 -58 60 24 -47 -22 -61 2 -67 36 -42 -43 75 12 
68 66 -96 20 83 79 58 -78 -30 89 -39 66 -73 -20 24 -87 37 -10 -13 57 -90 -51 2 30 98 57 66 36 39 36 -44 -85 -21 -87 -27 72 58 -41 54 -84 -91 77 86 -85 -18 -61 40 -60 77 -90 -71 -51 45 -94 40 85 48 -21 93 -37 -86 -38 -58 61 67 -58 2 0 75 -46 39 62 10 85 13 -65 -10 -31 -10 -23 52 -64 91 -17 -43 -87 -42 10 62 -33 55 -9 2 -98 -26 -26 50 -28 -68 9 14 -45 -19 9 1 -9 14 25 -82 6 68 82 -35 -31 37 -59 -39 63 75 67 26 -89 51 -85 -51 -93 -80 71 66 93 97 -74 99 61 53 13 -89 4 -42 51 -50 -5 37 59 96 73 -73 -10 45 30 
-37 -34 75 3 54 59 80 51 -63 52 -71 -60 -72 18 -74 75 98 28 -13 -19 79 -85 -91 -8 1 18 9 -82 -55 38 -55 -3 12 68 30 23 27 -37 91 -57 -22 25 -54 -54 19 -7 39 -51 25 -35 21 24 -46 -52 -43 44 22 10 52 7 85 99 73 19 41 49 96 -24 61 51 -63 -77 12 -37 95 -84 57 -75 47 52 44 52 76 -19 -81 -21 39 -93 91 -97 -17 34 50 -71 -41 -61 50 -20 -26 29 52 -91 -8 60 -60 63 34 56 83 89 -29 -90 -67 71 0 -35 -35 -90 -74 -46 46 -61 -71 -66 -41 17 -10 -23 24 -39 -16 0 -37 -96 74 29 -78 8 87 -88 -53 -59 -69 2 46 91 73 -90 12 -23 
53 -28 30 89 -9 1 50 -19 5 -30 68 -39 86 56 95 96 99 -10 29 -37 -8 72 18 -48 -23 -25 -82 -35 -9 20 49 12 -96 77 -81 -21 -3 -82 -73 -99 -62 -88 18 90 20 5 47 99 83 44 45 -94 83 -51 -7 49 5 80 19 -74 -34 40 -70 93 -68 -84 71 -13 -61 83 -24 -80 71 -89 -28 -30 16 -99 97 -53 70 45 97 -10 -60 16 71 -49 -47 25 -58 97 -16 -7 -24 -1 -54 1 -43 79 98 12 95 67 -62 -36 17 -14 -32 36 20 31 48 -81 -28 -67 -44 -62 -86 -32 -34 -25 57 -13 38 35 6 27 -70 33 99 -49 21 -5 -33 -84 -26 4 -26 57 -20 6 78 19 -44 -50 43 38 -14 -88 
-56 -37 90 -46 66 -16 -69 51 98 4 1 -46 22 47 82 70 -39 -79 -82 82 -95 35 -46 25 24 -14 6 89 91 87 39 -67 -97 -14 -77 5 -9 21 66 65 -65 85 -11 -6 -47 -92 10 23 -25 -79 -68 -81 81 56 23 14 91 24 89 -23 35 1 -86 -89 86 -12 51 -29 -42 93 69 -81 24 56 -80 -92 -68 -91 57 89 5 -9 -9 -92 -49 1 -35 -80 -10 90 28 57 12 11 -84 -54 -77 11 94 -4 -92 -17 41 4 91 20 34 -8 -80 -30 -83 -99 -46 -78 84 57 39 -13 93 -87 28 18 38 34 -85 35 -69 -89 -18 21 -49 92 -7 -43 -58 74 -56 -68 -70 52 38 -95 -24 7 -14 -78 -99 -78 82 20 
59 -81 -87 -48 38 29 12 -31 -77 -54 -94 58 -79 -82 27 94 91 -40 -22 98 99 -48 17 -12 -27 18 -88 -7 -9 -36 -56 -31 69 -85 -26 14 -66 -52 -42 -55 -38 37 -35 74 -20 98 7 -15 -91 58 42 18 -31 35 -59 -45 62 56 56 7 77 -67 -24 -73 -14 -37 -93 -25 -91 -33 11 -35 -93 -12 4 -31 -11 -41 35 -85 60 20 10 45 -35 83 29 -97 10 -33 -80 -31 -92 96 30 -3 19 -45 -14 19 92 96 -28 -70 -86 20 -83 98 -19 82 95 23 75 65 16 -20 -78 8 26 16 39 69 90 3 -14 0 72 -96 29 -48 -96 87 -2 85 32 -89 -4 62 74 53 77 -50 70 80 -18 -86 -41 -75 71 95 
79 -67 21 -49 -38 46 -9 -90 -57 33 -42 39 70 10 -71 -16 12 -51 54 4 20 -3 2 -45 10 49 59 -33 -70 -38 19 -71 -41 -41 -47 27 -79 -55 -53 -33 -65 -74 -25 -13 88 -53 -86 -84 90 -36 -2 42 49 -18 -47 92 33 -17 -2 45 19 -79 63 -24 -10 59 16 -74 -38 -64 -93 97 -71 38 -92 74 -66 3 -68 -66 94 36 -7 -58 26 -54 -66 10 -62 4 94 54 81 39 55 -2 -79 33 84 23 16 -12 53 30 89 60 35 8 -39 10 32 -87 -75 95 68 -93 70 33 -99 -82 91 -30 -20 96 -25 60 -15 25 32 10 44 -27 -57 -59 97 -47 54 32 -23 73 -46 -57 -24 -76 -53 70 -69 46 16 -39 
13 -94 45 -1 -35 -43 -6 -81 23 -14 -88 91 -11 -16 53 -3 -74 5 -63 35 2 51 91 -88 -34 88 59 -49 7 -36 -38 69 80 84 20 -53 -52 -67 -95 -25 57 11 2 -63 -7 -35 39 97 -20 57 63 21 -16 -79 95 97 56 -66 -71 11 98 72 2 3 -74 47 -3 13 -62 -28 86 -29 -97 26 -70 -99 3 -64 99 -97 -5 -96 -23 -8 -57 -19 46 -28 -75 45 26 35 -51 -76 -91 -44 -9 -37 23 -78 15 23 -90 26 -38 -58 -20 79 40 10 30 39 86 -82 26 -93 58 -84 63 5 -89 23 26 2 -94 -30 -84 -61 98 -83 -79 78 -94 77 -79 10 95 -68 -39 -24 -50 80 22 38 25 -64 44 11 -79 -86 
-55 -53 33 -68 47 61 14 83 28 -62 -82 1 9 12 64 -69 70 -66 19 33 63 -10 72 64 -54 94 35 43 -89 -41 21 -89 58 79 -13 83 -5 -38 1 -33 61 -64 61 40 -35 -49 20 -35 -29 49 94 -55 -80 48 35 -94 34 -93 -95 -11 3 66 65 89 7 -49 40 -43 -89 -66 -4 -30 -32 -82 51 36 -99 -4 39 -65 -70 -3 -72 -45 -66 46 94 -56 3 48 25 -82 -53 -64 -74 -84 73 44 -42 -19 29 -58 6 95 86 65 -56 71 45 -32 95 -97 94 1 94 -28 44 35 91 -47 -69 -87 -22 65 73 61 -72 20 -44 -50 -67 -48 81 58 44 -43 -91 23 -72 -66 65 31 70 16 -34 14 -31 38 -93 -64 
-77 47 -60 47 -79 10 22 8 83 8 92 5 43 -56 -77 -4 -45 -30 69 91 12 87 -45 -14 26 -8 -8 -31 72 80 4 53 95 -12 37 -61 14 30 57 95 85 -94 49 63 -79 -79 77 90 -46 55 30 38 83 28 -42 0 -65 95 -35 54 -45 -9 66 76 77 26 -62 -36 -15 75 -17 -99 58 21 68 44 18 6 -45 -82 -82 86 -84 84 -80 88 -15 -4 58 -63 -50 39 -62 -76 -54 8 92 66 45 -67 73 -16 32 34 -76 -87 -54 -35 58 -86 51 26 -14 -70 -26 -24 74 -38 37 -8 -80 -5 -10 46 2 58 91 -44 66 65 43 -65 60 91 -30 88 65 59 99 -52 77 16 48 -17 33 -98 -36 -55 44 2 
49 67 -81 43 0 -30 33 30 -78 89 22 -49 68 -1 -95 28 8 69 97 86 64 -72 96 26 11 -95 36 98 99 -40 65 -38 60 -63 -50 34 -77 26 -94 -87 -59 -10 -85 -79 -89 -50 21 30 -91 24 -64 -60 -86 9 -64 -37 -87 29 -76 19 34 -89 -93 89 14 -49 -18 50 2 74 -39 -43 -85 -14 -81 17 -49 63 -69 -20 -74 -93 67 98 -13 39 -38 77 69 -39 81 -24 -96 -54 -61 -49 15 51 -19 40 -97 -55 -80 -2 22 -72 -30 54 33 22 11 -22 76 -71 -88 5 63 -77 -47 2 49 -75 70 76 -20 -23 -44 -88 -15 58 -82 59 41 -67 -14 24 -35 61 52 -78 -89 70 53 -43 16 35 71 -63 64 -87 
-27 45 -62 -49 -55 -65 78 -45 87 -23 8 96 69 48 -84 -93 -60 -26 76 -4 42 -43 -46 13 27 87 8 99 70 11 -45 80 91 63 -2 -32 -57 58 40 52 79 -39 74 39 72 -51 -73 -79 -75 -96 3 50 -58 69 2 38 43 42 41 -60 87 42 61 20 51 -93 -85 -59 16 -22 -24 -94 -21 -62 53 -83 -73 -16 38 90 28 -21 23 -3 -30 74 -56 -76 36 -96 7 -65 -81 17 99 23 -60 10 -62 -35 -5 52 -53 -62 12 86 87 -16 -2 82 -13 89 -53 34 -92 -62 -55 24 -95 -34 -9 -71 53 -98 -49 -9 -83 -67 74 -24 62 43 -69 -34 -77 0 71 47 -52 97 -28 -64 51 44 -25 88 -76 92 17 -6 
33 -41 14 -36 1 -57 66 1 -25 66 -86 7 4 20 14 -44 44 -35 -23 53 -45 57 83 76 50 -24 -64 49 -40 43 44 75 10 42 21 13 -53 31 29 35 91 98 3 22 64 -97 34 56 3 -47 -15 22 -4 -25 -58 51 -10 -49 -10 -98 86 88 51 -3 71 96 -52 -98 -73 62 -42 22 69 -72 -87 8 -59 67 -97 -22 38 52 -14 68 -3 53 65 -32 3 42 1 -26 27 76 40 -5 -90 -85 28 -88 46 60 -43 53 65 -13 -24 -67 25 -72 -80 65 13 -44 59 -37 -23 -9 -72 21 18 -6 -89 -30 11 -99 -4 -1 -90 5 -66 21 45 55 -64 -53 -90 -27 -72 98 -61 -9 -91 53 -18 21 -92 -5 68 3 
-98 72 22 -35 -30 -63 -30 -53 50 39 -95 25 -57 38 -47 8 74 -57 -65 66 -73 54 -24 -64 68 34 -59 -9 -91 -14 -89 14 -50 -65 14 36 49 29 83 75 90 -71 -41 -80 48 -40 -64 26 74 86 -38 61 90 -77 69 -64 21 83 -23 -15 -24 -10 46 -89 -20 77 -3 -21 55 -15 -29 9 -12 90 -49 74 -1 11 7 45 87 -12 -7 27 -64 3 6 90 -75 -31 -90 33 -49 -59 56 15 23 8 -13 70 48 -99 -10 -47 87 77 -31 29 25 -56 -54 -8 -31 57 53 74 -98 74 -60 68 -35 -85 -62 89 28 9 -32 -61 2 14 30 -45 -71 76 -72 -9 -39 11 -41 -66 59 58 -67 46 32 99 33 -63 -53 39 
-50 96 -45 25 -96 -13 -90 55 -95 59 80 -5 28 -38 36 -76 -71 18 -29 -68 -58 -51 -88 95 11 -53 24 -79 50 93 -71 74 -44 -55 -90 62 74 23 48 32 4 -83 -59 -72 94 -49 44 98 -31 -37 -16 12 -56 10 -52 36 38 -84 -40 -10 -58 -41 -58 9 -98 -18 13 -28 18 -86 -87 -14 75 -27 94 -14 -7 28 -22 97 39 -36 89 54 -39 -68 96 -76 -99 89 73 51 -10 -77 15 19 26 -82 -97 68 -75 -61 -74 -87 12 19 -42 56 69 16 25 94 94 36 20 -91 -43 -24 -11 -37 56 40 6 -69 -60 -64 -2 71 35 -50 74 -41 20 86 -47 97 -41 71 -82 70 -44 30 6 82 55 -23 -82 -63 -89 70 
99 -97 -53 19 -11 78 -74 -64 57 -13 -45 -30 -45 40 -43 -45 -41 75 82 87 12 48 -80 -27 88 11 -20 27 95 -12 -85 -48 24 -63 46 3 99 -28 -16 10 -26 -79 -94 -49 -83 89 -37 23 -45 -43 48 -38 -42 84 -50 -82 85 -49 88 60 75 50 -96 -28 -14 80 54 76 -85 -6 -9 22 78 16 16 -17 -72 -35 5 69 -83 -94 -3 -12 -67 57 93 18 30 -72 -95 -15 78 -68 -70 39 -71 -43 -35 21 12 99 -57 99 -37 93 -67 -48 -14 68 82 40 91 79 -28 14 -98 36 -69 -1 -89 -77 -65 -20 9 -34 11 -27 65 40 51 55 97 40 -94 42 -17 48 -18 85 88 97 69 -67 -84 -79 74 -90 -34 -29 
4 11 70 83 85 -78 -40 -58 -20 79 79 -27 47 -88 -55 70 -34 -52 -51 25 -1 -70 79 29 -80 -66 -2 52 -62 -87 18 92 33 48 88 90 34 -9 -30 -13 49 -86 -99 -3 25 -16 -72 87 -6 4 87 79 18 0 -56 -97 58 98 -21 43 13 -61 9 24 81 73 10 62 -93 -10 -68 -9 -82 -85 -91 65 90 88 70 -37 -99 25 -6 23 85 57 -3 -60 18 95 -57 92 1 4 73 94 -78 -18 4 8 -54 87 14 -21 78 -45 -34 -7 44 52 -72 61 64 22 13 78 -50 44 -3 47 -58 90 12 38 60 -5 -90 -33 -15 80 93 -57 88 54 68 -43 -49 36 36 56 71 50 44 -42 93 -22 67 33 -92 19 
-67 -66 2 -13 -10 -49 -21 -32 -54 54 44 -65 -42 -24 76 13 40 96 0 -7 -4 -70 44 -95 -39 31 -39 -20 85 78 -58 -32 20 63 58 -55 -50 71 -2 -75 33 -81 99 60 -13 -49 -49 94 -15 -49 99 -33 47 76 7 -68 -55 -5 -77 51 68 -67 54 52 35 27 64 48 10 56 3 -9 27 -90 -21 -60 -58 -78 -14 -96 -8 -10 31 49 -36 18 -45 77 -49 -6 -44 -74 74 77 -28 -73 -70 92 55 97 46 -88 62 -61 30 93 57 62 -89 -77 -34 22 -35 -63 70 -75 -37 -16 -87 -29 13 21 -26 -66 49 78 -91 -62 -49 38 -58 57 -58 -12 -48 89 33 54 -71 -94 -20 73 80 -27 43 6 -35 -97 -27 9 
-22 -50 11 30 -74 -89 76 -64 18 46 77 -45 76 62 78 -55 70 61 68 27 54 -19 -43 16 -4 70 -81 -98 81 83 -99 81 96 -72 24 -39 -9 26 16 -33 28 -98 90 53 -86 6 9 97 -28 -49 85 -65 -98 -88 -2 38 -56 4 49 23 64 -4 -89 -16 -18 -58 28 39 -10 -4 97 -75 99 -46 -90 -24 75 53 -39 17 58 0 30 92 -42 33 -75 -63 1 -15 -34 -95 83 87 -96 15 88 -92 14 -12 17 83 13 71 -72 9 70 -66 -87 -2 77 33 54 -65 93 78 25 13 -50 13 -84 -20 -1 -38 59 26 27 -14 28 39 79 79 -69 59 66 -11 32 97 78 -39 -33 -69 76 -43 -7 82 98 88 14 48 
93 25 -83 -12 74 -75 97 38 -54 -63 85 -40 -56 -29 7 14 -35 -10 84 -43 77 -73 -73 98 -49 -81 -14 -26 68 93 86 21 -81 -29 -91 85 -83 -26 -18 -99 55 -62 -63 52 50 52 -27 -18 76 11 28 68 95 -71 -15 64 61 -78 -64 72 58 -3 -68 34 93 -86 40 6 5 74 77 63 49 44 -71 -61 -88 97 61 23 87 26 34 -23 83 -10 22 2 -56 -93 -95 45 60 -24 60 -98 -78 19 7 -1 34 49 -73 -82 -45 -9 29 -3 73 61 3 44 52 82 16 -85 -71 21 -54 -96 14 -12 95 77 -61 46 -33 60 -65 12 -27 5 -49 34 -43 96 -69 -32 -75 -19 -23 -97 16 63 -41 -48 30 -96 -45 34 
-10 35 82 -98 -80 -40 36 34 -84 82 92 -7 72 15 5 83 -94 99 49 -90 -69 -32 10 -13 -54 4 -37 -11 -20 68 -77 42 2 -53 -26 79 -49 -9 -19 56 13 59 -72 4 -96 19 45 -13 11 -46 79 83 95 -11 -84 -84 61 -61 89 -24 18 54 -19 31 -98 43 18 -10 -9 -31 -71 -18 74 -87 82 64 88 74 -68 -14 44 2 -17 -79 -78 4 93 -57 -71 57 48 -97 33 -55 12 97 77 48 56 10 -53 -91 -13 -47 -77 -5 81 -80 -41 -52 -21 16 98 70 83 17 -4 35 -47 40 39 -78 99 -11 7 -76 62 -69 -67 -9 -78 96 57 57 2 18 -74 -85 -50 0 -73 -53 -13 -77 49 32 -21 83 28 64 
27 41 32 -27 -96 67 5 84 -80 -9 31 35 -25 -59 46 5 -27 49 60 75 75 44 53 -53 29 72 -54 13 -52 48 31 47 -70 64 54 -7 -11 -38 -92 64 11 57 46 -73 -75 -4 86 -53 -13 -38 -43 -31 93 -37 73 64 -76 40 -7 41 -44 80 93 -91 -33 -94 3 87 56 10 43 58 -78 -14 48 -7 -19 36 95 74 92 -16 -8 32 45 18 56 -44 -7 49 -46 41 11 -93 40 -95 -64 1 -3 -57 -79 2 -29 -38 70 8 24 -14 -61 -69 3 -71 -70 -63 22 2 59 -48 22 -82 -67 -60 -35 -41 33 -14 -47 38 -54 99 57 12 23 42 -71 -80 -87 -28 -34 -79 -63 83 40 -88 72 57 -91 -38 76 76 
6 -3 -16 78 54 -62 -6 -73 25 91 66 -92 -4 -18 -88 62 -25 31 24 -26 -5 -56 88 -41 -67 -20 68 13 5 30 83 81 70 -87 -46 36 -92 -28 12 -80 43 9 51 79 -71 -92 0 -28 32 31 91 -5 20 -22 -49 9 -42 -7 22 56 -31 -87 98 46 -70 2 -24 -32 83 -12 53 -41 54 -59 71 -47 80 -65 82 -48 -67 -18 -41 82 90 -13 92 -7 -25 -98 34 48 -63 -70 31 -89 -2 21 -30 95 -61 2 -73 -90 -46 -11 -37 76 53 -76 -67 -28 -64 -59 -50 -65 53 47 83 -54 0 -55 34 20 -80 57 -28 1 -2 -69 -26 69 48 -59 -9 -34 42 -82 69 42 83 -74 62 -18 -42 17 34 -69 68 -97 
-83 60 -18 -40 81 98 3 -11 -72 57 15 8 80 59 -23 -36 48 84 -60 17 -76 47 99 -82 27 -65 -28 -41 -8 -6 -72 36 74 -44 55 -5 -24 71 8 83 -18 -22 -78 -30 -41 79 34 78 14 79 -72 3 -70 45 28 -28 78 11 32 45 -4 -5 -17 74 58 -42 40 5 13 90 79 36 -88 98 81 -83 -98 -68 91 34 9 11 48 -41 -79 -92 -11 -60 -13 12 72 34 67 -47 83 37 7 -98 6 -98 96 36 46 2 -2 36 -49 81 67 42 -79 -13 39 64 28 -3 -26 72 -67 57 -27 -3 -50 -97 -7 78 -35 49 -11 -39 -40 -50 -41 84 18 42 48 13 -71 -22 86 0 84 94 72 -54 -40 -22 -65 -86 
-62 87 -46 -89 17 30 86 -35 15 -47 -67 -64 -35 -26 -64 -88 -89 -20 -23 69 80 -92 56 96 -86 86 -37 -1 67 -3 -55 -95 -40 47 -5 -12 95 -54 -63 89 36 -9 26 90 91 80 3 76 -34 23 -73 2 96 49 18 85 -48 -23 94 -24 -5 63 10 -35 -92 62 81 96 -65 -11 -47 99 35 70 87 -55 96 -33 89 -47 51 -74 96 78 52 91 87 12 47 -93 -10 -55 83 -8 65 77 57 -87 -84 36 -56 54 1 5 -32 73 -89 25 27 38 87 46 68 -28 -11 32 -2 7 -93 58 92 -95 54 27 -46 67 -33 -78 -45 -3 3 15 97 57 86 34 -36 -49 79 -89 30 31 -26 83 -56 33 6 -92 -83 -10 
14 -42 -72 37 12 -29 -34 97 -77 -15 -4 -52 79 -54 70 74 -46 -89 -99 -65 75 -25 36 68 -62 60 -18 -78 31 -43 50 -11 -34 20 -31 99 -62 59 43 -5 -38 82 -7 -36 17 4 13 38 88 20 -24 -28 -61 -39 -15 46 -76 -38 42 0 -83 45 -35 70 -83 -3 -47 26 -33 -50 10 -82 7 14 -7 -52 -44 -47 -44 32 61 24 -39 -45 45 -39 37 -42 96 -93 5 12 -48 91 -11 -37 -65 30 -60 -77 19 -31 48 -21 8 -84 74 40 62 25 -79 85 11 76 50 14 57 -33 81 -46 38 3 78 -23 -92 72 -49 -13 -56 86 -63 -53 66 -1 -28 33 -61 65 88 21 37 51 -6 -41 -63 84 -97 -87 -21 -73 
58 48 -79 -33 -46 -27 -29 55 -78 41 50 -57 97 41 54 87 -22 -44 58 90 -78 -31 -44 19 74 -38 -24 59 -70 79 -15 -35 97 0 6 -93 60 5 -47 -58 -67 71 -95 -66 3 74 -50 3 -74 -4 3 1 -80 25 -49 -21 9 96 -71 39 14 -62 -74 82 -35 40 73 23 51 19 78 89 98 -52 26 -37 1 59 12 55 58 -27 21 -58 -20 11 52 67 -33 46 95 96 99 14 54 52 -76 50 29 -7 77 58 21 -65 48 -70 -4 -2 -12 62 96 85 -43 -39 -21 -22 90 59 16 43 -15 -20 -71 3 -93 -5 65 -29 18 -19 -27 23 59 98 10 -39 90 -82 -94 72 80 75 42 -53 84 56 7 -67 11 85 
-38 59 -52 50 -67 -86 17 10 16 -16 54 -2 88 -17 -48 98 18 -20 -8 -57 0 62 10 43 -20 30 37 28 -16 99 -48 -35 96 -2 15 23 -75 -49 84 10 -42 -90 -57 4 -10 -19 50 60 91 -64 83 89 -64 28 2 -54 -64 -12 28 76 89 93 41 28 70 -94 10 -68 -44 0 -81 -81 62 -22 88 69 37 -29 33 75 34 -71 46 4 -29 9 -75 -40 -42 21 98 89 67 -58 9 61 -59 -69 -4 43 -97 -26 -11 -4 72 -73 -31 37 -5 61 88 98 -49 -37 70 45 5 -3 25 -54 6 -59 -57 79 44 66 -83 8 19 -55 -38 -73 24 11 -76 -41 -37 -64 74 24 18 41 60 -18 44 91 32 -41 81 21 
6 69 -69 22 82 -84 -8 75 40 84 -6 -1 6 -28 10 7 18 -44 -19 -20 97 -81 3 19 -58 -99 -85 8 29 90 21 -56 -46 12 -3 -68 66 -36 -18 -61 46 -2 -91 92 -71 -5 36 -99 12 9 -55 -76 91 -54 -50 73 -24 1 -60 58 -16 89 -51 35 59 -60 -21 -38 -6 -30 -62 -67 -26 41 -63 -17 -48 -41 -2 -60 -84 -97 59 80 -22 -29 -48 -42 -65 49 -66 11 64 -29 -8 -59 57 -62 63 -6 -43 23 57 6 -95 36 -68 0 -85 96 -39 71 19 -51 -57 48 -73 -91 -48 53 -84 19 87 96 -46 67 69 8 -98 8 41 99 42 -92 34 -48 73 18 -74 56 -34 46 19 26 -89 90 -88 16 -34 82 
11 -17 54 61 19 -80 44 31 17 -30 34 63 41 33 23 77 76 8 37 78 59 47 -27 86 -59 -55 -99 -46 33 -71 -58 -12 -1 72 11 -54 5 91 67 32 -81 19 64 40 95 -3 61 -95 -18 -62 16 -56 20 58 71 47 13 -81 -42 -14 -89 95 -79 30 -51 -95 31 35 -17 36 -89 -54 55 -79 -23 -34 61 -7 68 13 89 -82 7 -25 -38 76 -74 72 -64 -40 -98 -22 80 82 26 98 -32 75 -45 -57 -87 61 -97 9 -81 -8 12 -86 -29 53 76 -61 94 10 67 -56 88 -85 -54 12 -70 72 42 -37 0 -50 59 63 37 95 -44 -10 -87 -60 -88 87 -85 18 -7 -65 -96 77 34 -94 82 -38 81 -65 -21 80 
-16 65 20 -8 -31 93 -83 69 71 12 -35 -95 91 13 -38 -37 -9 11 86 -84 81 18 -6 53 53 -18 90 -94 -43 -15 -58 47 -86 -10 -79 86 -70 -62 -72 -7 46 -29 -35 7 -51 -89 -25 -59 58 98 38 55 -57 39 -69 28 -47 -51 17 84 -98 -88 56 -69 -53 -76 8 88 -22 18 96 8 -67 -91 21 -53 15 56 -51 -9 89 73 50 37 93 23 -25 5 31 12 -88 46 60 -36 43 -31 3 50 -3 11 96 81 60 88 -73 72 76 75 -42 73 -17 32 24 -35 47 -20 -33 28 55 -45 -98 9 74 -30 -19 -92 49 47 68 -51 -71 48 37 70 -93 69 38 -12 -65 -80 -12 -3 4 -57 6 6 85 70 -17 -99 
6 -79 -5 -66 52 13 78 52 -42 18 92 -54 -94 -31 63 50 14 -5 -91 -72 -63 67 1 -67 -40 43 67 74 74 26 -84 -50 92 29 -60 56 -9 -6 94 -96 82 -93 -54 46 87 16 4 -35 -79 67 -31 -7 -66 93 -96 37 58 -29 -96 26 -23 23 85 -26 -43 85 -8 41 -8 77 -66 -91 11 -55 -69 -33 42 88 38 39 37 63 55 -45 -76 13 59 -72 -69 -55 -62 -92 12 56 18 -15 97 -31 46 38 -20 -27 -18 -80 40 -31 -33 90 -33 -65 28 2 -87 -55 -13 -95 47 -96 -43 -65 31 -60 19 22 0 -1 -94 -88 68 -94 -51 -16 -18 -97 56 -3 20 -35 -64 19 -20 91 -99 59 62 -67 66 -95 13 -23 
26 -14 36 -47 -50 77 -85 -14 44 -99 93 -71 -97 27 95 31 -10 -39 -9 -33 97 -91 31 46 -98 -41 -44 -11 65 -23 -49 -77 72 -39 -84 54 -39 -85 29 -79 -9 38 74 -77 31 -67 60 27 95 -6 -53 -77 -76 48 -20 79 -38 39 86 17 -64 80 -96 -65 28 76 -58 -4 30 48 -51 -87 14 1 3 54 46 -21 80 79 5 11 81 -85 26 87 57 -45 -26 -53 25 -21 -60 -68 -43 51 -12 -83 -45 -19 8 67 54 58 -19 -84 22 -30 31 -82 -94 -96 -71 -85 -86 -39 59 44 -64 -95 -6 -72 -72 26 -29 -25 -87 27 70 -18 25 -10 -31 -13 -86 -79 22 20 -34 63 8 -84 -52 -10 5 84 57 63 35 -97 
-69 76 -44 -82 -25 41 -71 -65 45 75 -6 28 12 81 -23 -26 -2 50 -36 -56 71 -65 -92 -75 -57 -11 23 96 82 63 -36 -1 -7 31 -83 -56 60 84 -19 -18 -63 -25 -17 -78 4 56 -77 -88 73 70 -27 83 -81 33 65 -80 69 0 78 -54 97 -17 16 -31 -28 87 -40 54 5 -31 43 -40 -11 -13 -24 39 -38 91 31 -86 -88 -11 23 55 -80 56 -94 -78 18 -43 71 -1 -47 -11 -87 22 90 91 -1 -89 -96 -34 39 88 80 69 13 -12 -29 25 96 83 -54 81 -16 -67 69 -85 -23 87 82 15 -86 -58 53 -23 -87 58 67 -15 76 -39 -12 67 -68 -27 85 32 -64 37 -81 62 -15 19 18 -97 -38 -70 -13 75 
-82 -82 -78 -84 98 88 73 -63 21 8 -76 91 -64 26 76 84 -26 -58 72 -9 71 24 81 -60 -10 -14 80 2 -97 -22 -36 -92 -85 67 68 95 -57 79 11 79 -52 -59 50 54 91 67 38 -60 -24 -53 -38 88 -89 -66 58 40 -23 89 55 -58 79 -61 87 99 -74 -26 -70 -76 71 -70 -46 81 -51 50 29 73 40 7 -67 77 22 56 -15 -13 -36 69 -97 -9 39 20 95 62 -76 43 41 -84 78 -12 -46 -6 8 26 -90 25 -79 47 -53 6 76 -75 -21 -58 -59 -65 -18 32 9 72 59 -48 -55 -95 -10 37 90 -21 -41 29 -3 -52 55 50 -83 79 -95 68 -27 -88 5 8 94 86 3 -48 65 -18 -44 -90 -83 -3 
35 -34 -35 -63 -61 -98 -99 -63 -33 -15 24 -38 -17 -13 -20 -40 -52 40 -40 -10 -43 -91 -89 -47 -61 10 45 -3 68 -1 -87 27 -40 -94 -33 19 -30 10 16 58 46 -70 14 61 94 11 32 38 -97 -31 -64 8 96 -34 48 -20 -6 -23 -71 85 -39 -20 -93 45 -82 92 -89 -65 -25 -54 63 92 -52 -95 44 -84 90 -50 41 40 -79 38 -16 13 -52 -32 32 65 -82 -10 -48 24 -32 32 -95 -93 75 51 57 62 51 -77 -32 -15 42 -72 -76 88 -51 69 36 96 -8 -94 79 64 -33 -31 -84 89 -74 12 -24 20 -80 59 73 -23 82 65 -5 -46 43 -57 79 -3 -17 -41 24 17 -50 57 -24 -89 -25 -49 57 -13 7 -93 
-11 41 -51 -40 7 66 -71 25 -96 38 -57 -7 66 -23 -3 87 -16 9 -89 29 -4 69 26 96 48 99 -86 94 59 -16 73 -97 91 87 14 14 93 -67 92 71 -47 83 3 88 60 -93 58 -12 -30 14 26 56 -90 -87 66 90 16 -25 -84 16 40 21 -63 36 24 -71 51 73 39 35 6 77 88 18 24 -43 16 77 24 -22 49 34 -39 -41 -73 -74 26 -66 -36 -93 59 -12 6 77 55 1 87 40 -67 87 81 25 -61 -66 -13 7 -61 -42 93 18 70 -47 66 -78 85 -80 60 26 1 9 59 0 10 -35 -39 -57 78 20 38 -45 47 20 -14 -22 97 49 39 34 -35 -75 -25 60 33 -82 45 21 32 27 97 4 
40 -72 -93 -84 -78 -68 -77 -64 15 -79 41 91 -12 94 -16 92 11 -71 19 99 -25 -40 99 76 -11 7 62 -93 77 52 -46 -15 -71 81 -51 50 44 40 96 -39 63 -94 -46 54 29 91 23 -47 2 32 -7 1 -14 78 -61 -24 6 52 73 -57 25 78 57 15 41 10 76 19 96 19 61 85 -17 91 77 -30 -90 -6 63 -53 -68 -87 -67 -72 -54 61 -96 8 -78 99 -22 -60 -43 13 36 -40 -97 -51 24 93 23 29 -28 99 -78 82 -25 4 20 69 -11 52 -76 56 34 -94 30 -21 82 -66 22 85 -45 -37 3 34 76 -8 -33 -28 15 27 47 92 88 -20 -51 83 84 31 -17 36 -97 11 -36 59 -32 82 74 59 
18 -90 -82 67 62 53 87 -66 -18 44 -72 57 80 -48 80 -21 28 -66 -96 42 -67 83 -9 97 45 29 9 -82 5 35 74 -95 -26 -96 56 -64 -93 -1 -36 -16 -2 -55 48 83 -35 -47 33 -81 52 -34 -51 -52 43 31 -21 99 92 32 -57 -64 96 0 -30 53 22 90 37 -66 -89 74 -37 67 16 -83 89 98 -14 44 59 30 98 72 -66 44 -44 78 -56 -24 -64 -24 28 -16 -83 87 89 -33 -16 8 24 -86 77 66 -97 -66 15 88 -17 61 -81 -16 -15 -18 96 -24 77 80 -91 12 76 -24 -66 25 26 -67 -33 96 -43 -88 -27 28 -99 56 25 -31 79 -73 -44 -3 5 -65 92 78 0 -34 74 -46 -82 50 -32 70 
-84 -10 -71 -33 -75 -8 20 -24 -27 -88 27 90 52 95 -22 1 42 -62 72 -95 -60 -75 -4 18 -38 37 -80 -40 60 -99 46 -94 -11 65 -46 21 -69 -67 -45 90 -61 66 -5 48 -24 17 76 32 -42 -63 -66 -15 -93 -72 98 -81 94 -44 87 97 6 -95 25 76 3 1 -98 61 -39 -39 -7 -95 -2 58 35 35 56 3 55 73 -82 -17 35 -69 43 -77 35 10 61 5 6 -15 85 24 -56 95 -92 -95 -60 84 -24 -78 75 47 -38 -3 13 43 -8 -64 1 -20 74 40 19 71 -39 54 81 33 -25 -24 2 22 -68 -89 32 83 95 85 56 64 70 -7 -44 -37 -68 -58 25 28 37 55 -22 -6 95 -56 -78 -8 2 -35 
42 -94 -14 -36 -99 -85 29 39 -23 -34 -85 58 88 28 20 -90 -3 -70 -67 50 60 -72 63 21 -12 -74 48 -6 -28 21 77 14 57 71 -94 -33 -78 27 94 16 -37 -28 -20 -82 -50 -31 -9 33 -68 -6 -97 78 46 -95 -2 -48 15 16 -43 -60 56 48 32 -29 49 74 -43 -99 4 -8 96 57 38 32 -75 -15 -19 49 47 -70 30 70 64 -77 -60 -60 29 41 -51 13 85 53 -18 -5 -6 -15 6 -76 -26 -20 53 61 -63 56 39 81 -53 30 -14 -70 -70 33 -64 90 -15 -82 -25 -9 -86 -77 -13 67 -13 -40 -72 -11 50 28 88 -77 -89 4 99 39 -15 -42 -89 17 7 -32 -11 29 32 88 18 -94 -40 75 -18 62 
-84 -22 43 -71 -72 92 -82 -73 -27 -17 55 79 -81 -89 46 75 32 -25 -61 44 82 -48 15 -86 -97 43 33 -86 -65 3 -81 0 23 75 -5 -45 -51 87 -78 1 88 78 -21 65 -19 79 -68 43 95 84 77 -18 0 -57 -26 67 -42 59 11 -18 -99 24 79 52 97 -63 48 -99 -16 -59 68 73 84 15 23 -60 97 -2 -26 -89 -17 -46 -53 45 69 -66 -40 33 -2 -51 35 -72 61 -51 41 73 71 -66 -87 68 -79 -52 -71 -3 37 -51 -42 14 6 41 28 -21 71 26 40 -43 80 -17 34 66 -38 44 57 83 65 -12 -41 -10 24 -63 -17 -33 94 -29 97 -16 -48 -23 -59 -26 -27 -51 46 -80 41 -16 46 -73 78 -96 
-12 13 51 38 45 -3 -5 38 -17 -54 -48 -3 29 -9 40 65 2 75 70 39 -34 32 42 -16 -84 1 -21 -85 32 -98 91 49 6 -49 67 -83 6 -86 49 -96 -62 -97 -16 66 -78 -12 -86 92 14 46 -54 29 19 -65 0 80 -9 30 -75 12 -67 71 42 -72 98 -43 97 13 50 76 20 83 -28 8 58 16 -40 10 -22 -67 -78 -23 -67 -96 77 -93 -72 -7 -12 91 18 41 23 -49 94 44 56 34 7 -45 34 -69 54 -2 -75 -40 56 -75 19 34 -54 94 10 -7 38 17 3 -11 -9 12 -1 14 -92 -79 -90 77 96 -43 77 62 -99 -4 64 -99 73 -79 -91 28 67 62 72 -97 -19 44 66 -39 27 3 77 50 
-58 -34 -78 -75 16 -89 97 43 97 59 25 90 44 -94 -51 84 -10 -16 -36 -79 47 -90 29 -23 -94 -31 75 -82 -19 44 3 -99 25 41 73 95 -6 15 -86 -98 68 93 -59 71 19 -53 72 53 99 -83 -55 26 -83 -45 -94 -55 38 34 -83 8 1 -47 84 32 2 97 28 56 16 51 64 -93 -95 15 45 -5 -79 78 -38 -25 41 -33 13 58 -17 15 -23 -88 -81 10 -62 93 15 -60 -69 -43 -77 79 -24 62 -3 -47 71 -69 77 -91 49 -25 -29 -6 41 2 12 11 58 -22 75 31 99 -10 -2 55 -69 46 7 82 -24 8 -8 2 28 78 73 -86 -50 49 83 96 80 -63 44 -1 -95 -94 79 -23 66 38 -44 47 
-86 -74 85 77 -8 -45 61 -64 57 12 -89 17 -28 -56 -94 51 -11 26 -16 1 40 44 66 86 -92 16 26 80 59 25 -59 -54 13 -42 20 -44 65 20 -27 -32 21 54 88 -2 37 17 42 -55 -79 48 -86 -83 -41 32 -6 -70 -24 -38 -29 87 55 -77 81 76 58 17 61 -64 -1 45 38 -86 -46 78 41 88 94 -69 -78 98 -30 99 62 -54 -72 1 0 19 -46 -80 -72 99 -94 78 -81 54 78 -74 -88 60 -32 -23 14 -68 61 47 -5 77 2 56 -14 -34 -55 77 -93 56 -20 -59 35 80 44 -20 -38 24 -67 77 -84 -35 17 76 94 -30 70 28 -47 48 -80 80 -7 -9 -35 37 32 67 -70 25 37 48 -91 -57 
-16 32 3 -7 -12 -44 -78 -66 49 -32 76 -79 -2 5 71 -20 -1 8 28 57 48 35 -95 18 96 -89 -8 -91 -31 -2 21 46 95 4 37 88 -93 58 -86 91 38 -64 -8 39 -73 -42 96 -78 3 79 92 -21 79 37 -38 70 -11 -39 20 93 -68 87 -1 15 30 28 69 33 -37 55 7 -77 -18 -35 39 40 51 58 -83 32 68 17 -83 95 23 95 89 -12 -29 -96 2 7 -34 -68 24 11 -25 -43 95 -73 75 60 -46 -3 24 68 96 -78 -1 -51 22 17 -99 -32 62 49 77 -87 -86 -43 71 70 65 -63 87 -23 -80 41 7 98 -41 10 -75 -9 -7 -4 -90 19 -26 -57 9 20 73 18 65 -5 27 7 90 68 
-11 -32 63 58 18 73 -75 43 -40 48 -56 -41 -21 -11 61 26 -66 46 6 -12 -45 1 -48 23 -16 -37 93 24 70 -88 -71 -4 26 61 56 -81 20 -57 -14 -6 76 25 -5 -35 -71 23 33 -65 -48 -51 4 95 86 88 24 84 15 17 81 66 14 -26 64 -7 -42 -24 -78 -27 -11 -39 49 -39 38 2 -11 -11 32 59 -16 -2 52 91 -9 -49 71 -52 -39 90 -15 -26 -49 -78 -6 -33 3 30 -1 82 64 84 69 -89 86 13 -12 95 8 -18 -51 27 28 45 -48 -93 38 32 -32 -45 -14 12 -22 -95 20 6 -82 -31 -36 41 -24 -97 45 -38 -34 -87 19 49 91 48 49 -26 35 -72 4 -18 50 -19 -4 -90 -29 -82 
20 -14 82 -70 73 12 2 75 -54 6 -81 84 -24 56 36 94 -72 -63 -14 89 -94 -41 -76 21 89 91 -28 -15 -46 59 40 71 82 -22 13 -18 74 -51 -49 -36 -18 -70 65 43 -14 38 22 -16 -68 -10 84 17 -44 -39 -61 -77 -31 -21 -54 -79 -65 -96 -39 14 20 -92 11 83 -26 -40 -58 2 -56 77 -58 -92 13 80 -75 -3 55 -6 -26 15 58 -33 76 71 -61 48 55 86 -79 -38 82 60 -41 -12 6 87 -83 13 -30 -76 69 -69 99 58 79 -9 -96 -96 72 -75 -19 49 20 -5 -85 90 -92 -81 -20 -7 60 9 -44 -45 -68 58 -54 56 44 -18 -14 -65 -71 75 15 80 41 81 -90 -72 -69 82 39 -86 -96 -34 
-44 -1 -26 63 94 82 -66 75 1 53 -11 -48 55 -48 56 38 -38 -60 11 -21 -7 13 -31 38 80 -35 -44 -46 33 10 3 -71 26 -28 -34 7 14 -58 92 35 0 -87 38 14 -76 47 27 57 -32 42 -33 33 76 -47 59 -3 27 47 -76 38 -84 58 -30 -50 -25 -52 8 -50 39 53 -2 -46 21 -86 38 -70 -29 -99 32 6 32 4 58 59 -24 65 83 -3 1 14 13 20 93 -77 -64 3 36 39 55 -22 18 -52 65 7 43 76 34 42 37 72 -76 47 45 -79 95 14 66 71 -47 -9 43 -26 95 16 42 -81 -35 52 83 -44 41 74 42 5 84 68 -42 97 -27 -82 0 -24 55 82 -34 70 -89 -49 7 -74 
13 56 -61 80 76 88 -84 -37 57 8 50 -4 -18 -54 30 97 41 -56 86 -31 91 -77 -92 -35 50 14 49 -94 -8 54 58 -38 32 53 -52 73 90 64 -48 66 -82 50 -22 90 33 -70 55 -67 88 35 -29 -6 73 37 -85 12 82 -31 5 -76 5 -35 1 47 -9 -35 93 49 31 -43 -97 85 83 -18 39 88 40 -8 2 -49 45 25 94 -1 -8 -59 -38 59 47 41 22 76 79 -65 -15 57 39 33 -87 -85 76 -60 -75 -3 63 -52 24 -83 -18 -2 -95 -93 74 38 6 -84 9 7 66 57 -68 69 -76 -49 69 -49 -9 -60 10 18 15 -50 56 -25 -38 -39 93 88 -73 85 -68 0 61 -36 -33 71 -25 66 -71 -53 
-43 10 -35 4 77 -45 -79 17 -59 -26 69 -34 -16 67 94 -80 55 23 71 -7 51 68 72 44 67 -25 32 -76 -11 -28 -7 6 -1 -80 6 61 88 -24 -46 -51 79 62 -96 45 13 -91 52 14 53 -45 16 9 38 11 82 -67 -57 55 -13 86 -5 -71 -82 -23 25 -38 56 -60 30 22 -54 68 -43 16 94 65 77 -5 -94 -19 -10 78 16 40 52 -72 -82 63 -85 -82 35 56 -85 -14 82 -15 -28 86 -59 6 -35 8 38 -78 12 -78 -13 81 -47 -34 -72 -57 -56 -58 23 83 30 -98 28 37 43 89 49 61 -84 58 80 81 99 -74 -90 16 -23 19 -73 -86 -46 95 49 26 -31 92 -39 29 17 -60 -81 32 97 40 
-86 -30 16 3 60 -32 72 -65 -28 17 -70 -55 -39 91 83 -46 5 -82 -48 7 58 -32 -9 18 -99 79 72 -52 -56 75 57 -4 -27 9 0 -66 -6 11 -82 36 54 -42 6 -50 36 -65 -43 -85 -78 75 -91 7 -57 -35 63 -55 -34 -35 -70 -60 -98 -22 -15 -22 -37 69 -26 -68 47 41 -97 -61 -26 -55 97 -93 80 -78 -27 -56 49 -1 93 38 95 -11 -81 77 -60 -49 -70 67 24 59 94 -53 -60 59 53 82 -96 -39 10 -46 22 57 48 -33 3 95 75 79 69 8 -98 56 63 -50 91 14 -30 1 17 -52 34 -98 63 24 -69 -49 -54 78 -45 -69 -32 79 -97 -23 22 -79 -55 -63 1 -51 -32 6 24 15 -34 -83 
-57 8 59 -4 50 -65 54 -98 75 2 -73 -52 62 -77 -59 60 59 89 -17 -23 19 -36 -34 97 -24 96 33 -12 -47 22 -7 57 -42 2 -12 49 58 -74 49 95 3 -81 4 -64 -14 79 -17 5 -68 1 -9 -37 75 1 59 -74 -36 33 64 -57 83 96 -49 2 -25 92 -34 -47 13 94 -51 -22 80 80 1 -8 67 1 -64 10 59 -32 84 89 -84 28 94 -81 -15 49 -89 44 21 40 88 82 27 5 -36 -39 53 -22 56 -45 51 49 -72 -44 -89 55 33 -94 -34 -23 94 53 -70 -43 -12 60 61 -75 72 -20 -7 60 -89 10 56 -38 -16 32 -44 -26 -71 20 80 65 -82 42 -45 31 -47 -63 0 -21 14 96 -81 6 
36 56 -10 42 -60 -11 -34 30 88 73 -84 -87 -25 80 -49 -44 36 -55 -75 77 -57 70 -66 -91 -11 -64 -40 -30 19 62 -97 51 72 92 57 62 57 -62 -68 28 52 7 -61 -70 -59 88 34 57 82 48 11 -65 -31 90 -15 -29 6 12 -35 -71 87 33 -61 -80 15 -9 -4 75 -36 91 21 -44 99 85 -67 -27 -11 15 -19 40 -71 -66 55 75 -70 -58 96 80 -20 -74 73 -78 -47 -39 52 -61 -73 69 -79 85 -93 31 -59 -42 43 -96 -58 -36 -61 -46 2 7 -9 -28 -81 72 8 -23 17 35 80 26 91 -29 88 1 -15 -25 9 10 -2 58 -25 24 -47 96 53 78 96 95 91 70 -99 58 77 -55 37 -56 -33 -75 
-65 72 4 -21 -20 49 -37 69 -6 -19 -69 -60 -49 -59 21 -54 -43 -20 41 26 -88 36 4 31 -31 -4 48 45 -93 59 46 -95 35 -58 -29 -11 -1 -89 -88 -72 -47 -40 77 -13 59 -21 3 -68 93 59 57 -97 48 58 16 -88 31 -35 94 -9 -41 -27 82 69 64 82 -14 -98 -20 16 1 -65 -58 72 -22 41 -55 82 1 87 73 71 86 83 87 -45 6 75 75 90 17 74 -72 5 -86 -30 -51 -59 77 -93 -15 89 -29 43 59 -94 52 -98 28 31 -4 28 2 -40 -57 47 0 26 -99 12 68 -9 -96 -21 -29 -59 -78 -29 80 -55 -62 -36 23 86 30 -33 53 -90 -88 -23 -82 24 -35 51 37 -83 1 -87 -41 -31 
-8 51 -40 60 17 -59 22 56 59 42 8 -7 19 79 23 -98 85 -1 -36 -96 -51 54 -32 25 -75 -8 -47 -21 86 -38 5 -67 -11 -97 -93 31 15 -56 71 -57 -61 63 42 -8 -41 -9 -41 -6 4 34 -30 21 -39 17 -50 -30 5 52 -10 31 -35 12 29 79 -65 -51 -29 -27 -44 56 5 10 52 -63 92 55 -6 40 -43 -83 -54 61 -47 3 -25 60 -80 -98 99 -65 -31 1 -97 85 47 67 34 53 48 -32 -64 -36 -48 43 27 65 -87 -46 -29 -95 -91 -34 -89 -73 65 -25 53 73 -62 15 19 -61 -78 70 17 52 -35 91 11 -52 -22 -87 58 -46 67 -85 46 -6 -6 -97 31 86 42 94 85 -20 -56 33 -12 9 
-54 -26 97 -37 41 -77 22 -11 -21 34 49 -47 61 27 64 42 83 60 -22 -35 -80 62 80 36 72 -60 12 49 51 -46 -41 83 53 34 86 67 10 -60 -39 44 79 40 -10 -16 -77 -22 -89 32 24 40 80 71 66 70 -21 82 -89 26 81 -43 -57 11 41 -41 -49 43 -89 -10 83 -83 -14 47 93 98 56 -68 29 -86 87 -14 -16 7 97 45 -36 -47 -4 -13 -26 70 -59 -58 -24 -87 31 -21 52 -53 -93 -34 10 -57 70 -55 42 -18 -6 -54 -72 84 -99 36 37 -91 8 -56 -95 -23 -3 -3 -74 -6 -78 -92 -90 -10 -97 -72 47 31 5 78 -35 87 97 -67 11 34 42 -97 -55 -29 -51 -99 2 12 95 -88 51 -19 
18 75 -15 -85 11 -64 51 8 -89 50 16 -87 27 89 -28 -10 74 -61 60 -96 25 38 -89 -13 -37 44 -21 3 -46 -92 -37 -91 57 31 -98 53 72 55 51 -72 58 -53 -19 -25 -21 -88 -85 74 19 6 -77 -49 -28 20 67 -10 92 96 -18 74 -95 -56 15 -20 -89 69 3 -29 -6 -22 92 -27 19 67 85 4 39 30 78 -71 -8 -81 -18 21 44 8 1 -1 12 32 76 -86 72 -37 -29 -92 -42 42 38 97 68 -54 -88 53 -9 51 -30 95 -10 53 96 -41 -73 33 -19 81 76 -71 31 30 -54 74 -89 -45 -56 21 -36 -25 -10 67 77 -81 -71 -13 -28 -81 -90 -39 12 72 13 90 -15 -71 84 16 -59 5 65 92 
50 -92 -94 -80 -17 90 -98 59 75 50 -22 25 -9 4 24 40 64 -15 -95 -79 13 -64 -61 -34 6 -85 -28 -99 -27 79 94 -12 -8 -9 -58 -94 74 64 33 52 -23 87 17 -10 -27 -19 -65 -13 6 22 78 -51 52 57 48 52 28 -94 27 83 -16 -7 -67 28 22 -7 18 48 -54 27 -38 -42 -37 -95 16 -23 99 -7 68 -50 83 42 20 -62 21 87 39 -53 57 -90 -23 -98 -42 14 -15 80 45 95 92 68 22 -12 -71 2 -74 -1 -28 26 -45 -10 50 63 -74 -18 88 87 -78 68 64 -58 -34 3 7 -86 97 -32 3 49 -14 41 -77 -52 -77 97 -28 -81 65 -39 -79 -23 -75 96 -53 10 -11 -10 8 71 -46 16 
75 -84 -73 -66 65 29 -37 12 -96 -37 -4 38 49 41 54 -43 66 -36 66 60 41 65 31 63 -4 -59 -72 -67 -82 54 -46 -11 -67 -63 23 -78 -39 -42 80 67 -55 -79 22 81 4 57 -70 20 -95 10 59 -11 -22 -7 -25 -85 21 -66 61 -64 -20 4 20 84 38 -62 35 48 87 -35 -78 43 -18 1 25 17 5 26 -83 87 3 92 -43 12 -39 81 88 -15 60 -54 -15 44 54 -12 85 -11 -19 56 17 -46 70 -95 -69 99 80 -79 49 -38 -69 -37 90 -35 10 -8 -58 -77 37 67 74 -7 -72 98 -76 54 45 -20 -80 -33 -86 -82 49 -25 52 -81 0 65 -70 52 -31 0 -76 68 14 69 89 -52 40 -2 6 -91 
99 22 -51 3 -40 83 29 68 -20 17 -70 -56 80 -94 25 98 77 45 -46 21 92 -19 -84 98 65 16 2 -34 68 11 90 -25 16 87 -82 -21 -12 -36 -35 58 56 -11 -18 10 34 43 -18 -57 71 -50 32 63 59 -95 47 -80 -76 -81 -24 -35 -69 82 89 -9 53 87 73 -86 -17 -11 27 -24 -95 81 -57 -36 -46 -31 72 -93 -80 -58 32 -84 -33 -81 -50 -66 -53 -53 15 28 -6 -54 -56 65 51 37 16 -49 96 -35 93 -31 77 63 18 -72 -32 -93 -37 -71 2 64 -21 14 91 -34 -64 -23 64 -47 -17 66 41 -5 73 40 -77 64 38 60 -85 77 -35 -84 -84 53 82 -20 -90 -79 12 50 36 89 7 -53 95 1 
46 -7 -58 80 -33 -71 94 75 -53 -3 -24 -11 3 2 -36 60 -94 -95 43 68 94 24 -93 28 -91 38 -6 63 35 15 -49 74 84 -30 -83 23 83 -70 24 19 -38 -6 80 -99 -59 -51 4 -18 -66 55 -64 59 -65 92 29 5 -19 -84 -74 82 46 -44 -81 -70 -46 -58 31 77 24 58 75 81 63 -88 -68 -59 -21 40 88 74 -94 37 59 99 1 -37 -41 68 -36 -40 93 -17 -86 -25 -18 -40 -9 -36 -83 -91 15 -44 75 -50 86 76 -7 93 78 92 -4 62 -37 96 -22 68 -20 67 -27 -16 -44 91 55 -40 17 -8 -15 -89 54 80 -52 -65 94 -45 83 -54 -80 -77 47 -95 41 -3 -90 -71 -41 -95 44 93 -52 37 
80 -18 -94 -14 99 -77 28 -14 79 -18 -83 7 63 98 57 91 -65 -33 95 -67 31 -97 -92 -45 -13 -1 -25 -90 -10 -57 -76 -90 84 -22 29 -51 50 -12 -75 -88 88 16 27 98 -73 14 99 -80 -5 -12 -62 7 -59 -73 12 33 51 15 44 -64 -17 -58 79 -3 49 67 -95 75 87 -35 18 86 34 -45 4 -63 -98 -20 33 87 22 -18 72 34 -80 92 -51 94 59 3 -78 -60 -46 33 77 -30 -47 -35 59 -35 -24 59 -45 20 -67 -72 -39 -54 14 -85 -6 -82 -74 61 -67 46 20 61 4 7 -48 -83 48 -16 -49 53 -2 61 34 -91 98 -27 58 44 -99 -80 -83 47 48 90 73 84 30 5 49 -73 17 -37 -76 -77 
62 -69 -54 -25 28 -11 -19 6 -20 -88 42 21 4 69 -29 9 -41 34 9 88 -82 -78 51 -68 16 47 -33 -33 -78 5 9 -11 23 36 -43 20 70 -81 -81 6 -30 31 54 88 12 -12 -9 -7 -27 -62 12 -63 40 -55 -47 -37 19 -12 -60 78 -95 27 -73 87 32 15 97 72 -87 10 -67 -40 35 98 -75 -80 62 81 32 36 76 -40 -35 52 -91 75 -77 -6 -70 -49 77 -25 -51 28 97 -33 -17 -56 7 6 -42 6 -49 -40 -98 -61 25 -15 68 51 -94 -21 -86 -40 61 -46 -20 -33 -7 24 -37 -26 -58 82 -90 40 -61 -8 -14 58 -84 6 -53 -4 -35 72 2 22 -56 -74 -84 95 66 8 55 -91 -68 -72 44 19 
-67 40 -5 8 3 50 3 85 9 69 -36 -54 84 42 -31 -82 -6 -67 -8 44 37 -51 -46 -37 49 70 47 24 89 34 -13 -79 -88 51 40 -77 -76 6 88 -62 4 -36 -6 5 -49 59 58 26 -83 -9 88 86 -15 38 -47 45 59 -78 -26 86 73 16 -67 65 86 -10 -72 18 -92 -62 -31 94 58 -98 62 66 34 -88 21 -78 -61 -64 41 -2 -24 70 76 -57 57 73 -16 29 0 92 83 -90 -15 -87 33 -9 23 -92 90 26 -17 -1 -18 16 76 -67 -1 -55 -62 -23 11 -57 25 -41 -48 -83 -99 -16 -52 -32 -31 81 -42 -10 -76 34 -5 -19 65 26 -55 -97 38 -51 39 -56 74 35 53 -83 -63 61 99 -89 -95 37 
-86 -89 74 17 -4 26 76 59 -8 -47 18 8 65 -24 -33 -35 -69 -66 27 21 -83 -16 39 -73 -71 42 87 21 59 54 -4 -34 23 -85 -87 20 19 -95 -50 -21 -34 9 -84 -39 44 -89 10 -36 8 -28 -8 -17 65 80 30 57 -62 6 21 -99 79 -34 -48 -7 -54 16 41 -56 39 83 -50 26 78 27 80 -50 68 27 -48 81 -8 -75 25 -40 -6 2 74 24 -65 6 36 70 1 -67 -31 -1 71 16 -37 47 8 -74 -87 21 26 57 -85 63 -44 9 89 -14 -87 66 25 30 -14 -70 23 -95 77 -8 65 -92 -67 17 77 -71 21 87 61 -46 73 -75 -13 34 -86 -78 -60 47 74 9 84 76 92 74 -37 -56 -80 10 
-77 -16 80 -47 70 -59 -20 46 41 -87 -1 -68 -25 -56 -66 84 71 -34 -92 29 58 -38 -29 4 59 -74 52 -75 46 10 -94 -47 62 27 65 -47 -14 -18 4 -40 -74 76 -34 20 66 -60 -87 -60 -25 -87 -29 69 -91 -92 66 95 72 18 -25 -72 -13 -78 -3 -27 -56 -35 -78 -43 -31 75 -43 60 43 -40 45 -43 41 68 -11 77 24 -14 19 -71 -7 84 90 69 -41 67 55 -67 -53 17 -6 -25 -90 2 19 -85 56 -49 -40 84 1 95 50 -60 -28 88 -68 39 78 81 57 -90 -15 89 -16 -6 47 7 -43 -63 91 94 58 94 8 21 90 -15 -37 -21 70 -14 -19 9 -12 78 70 94 76 -25 -4 -91 62 -71 -11 58 
83 -53 -53 -86 -82 7 93 96 -15 -4 -95 30 69 -3 36 -68 -11 10 19 -63 -1 -84 -70 -31 35 81 -47 51 49 -59 -52 -40 34 -15 21 -13 -62 -11 -75 -52 80 78 4 3 -52 42 -21 98 78 84 -58 -17 -99 -20 -98 11 -4 87 59 -44 -80 91 -47 -14 27 -65 8 -93 91 97 -85 -85 -96 -63 17 79 -88 48 -28 35 -94 -79 -41 -62 -49 -5 16 -89 -23 -39 -85 -92 9 -86 9 13 97 -20 14 -99 -37 45 -86 -73 -14 32 52 -73 -3 87 22 -12 53 -14 49 99 -81 -14 57 45 -26 -82 -85 -15 -91 -2 -58 -2 67 26 69 -82 -48 87 -56 -1 -25 68 -79 54 -13 85 31 99 21 -16 16 -2 -22 -28 
-98 -69 53 86 15 82 63 -81 -22 -25 -94 71 -6 16 81 -24 -12 3 -1 33 -28 56 58 -70 72 90 79 -10 -93 -54 -57 2 66 56 31 -4 87 73 52 -61 -62 0 -59 -53 59 -7 -89 15 80 -94 36 88 -72 -33 -45 40 29 79 -63 -27 -83 -53 -69 -46 -9 -59 69 -28 77 -83 28 44 13 -81 -6 20 99 -57 44 78 58 60 80 13 -35 2 54 58 2 -40 2 -17 -3 76 -57 -71 86 60 15 -49 -62 13 -69 -87 63 -89 2 81 86 30 -92 0 -90 -10 -78 4 26 -49 -53 31 -57 53 -9 -32 79 -59 39 -98 38 -79 43 -6 -67 53 41 -40 49 -75 10 -56 -15 53 -40 41 -52 3 -40 -91 -85 -54 
91 -48 -68 -32 -53 -23 82 40 -44 21 -91 10 -18 22 -2 30 41 14 -81 -77 -44 -39 -94 96 3 -42 99 -67 94 74 4 -87 -54 -60 65 -53 -82 57 77 -64 -99 18 -88 -40 -83 -16 -22 -75 -60 91 99 -56 -5 0 -26 33 -54 11 -15 -6 -15 -89 -11 78 70 -62 7 20 40 28 -46 -12 -8 27 29 -22 15 63 29 -65 -76 23 20 84 47 -69 -69 -23 26 96 25 30 -48 15 -98 17 -75 49 -44 -22 26 46 72 65 98 74 94 97 -73 48 -33 -27 -57 56 -74 -21 17 -48 -33 55 33 -96 -67 94 41 39 54 59 -10 -63 -39 95 84 -96 -12 -63 70 -7 -53 14 -91 -39 66 52 41 22 60 -15 37 55 
-86 89 -27 -11 90 -39 40 -9 14 2 62 -94 7 99 -12 69 -31 -64 -90 82 93 94 -7 -9 53 -89 33 70 73 49 -24 -57 86 -30 -38 20 -35 -7 16 3 65 95 -7 13 -3 -32 70 90 18 -73 -64 13 -82 84 63 47 -64 91 69 -46 -87 -58 -26 -52 80 78 5 -72 1 41 23 -8 -75 38 -93 53 -13 38 -71 87 -36 -2 72 50 -12 93 74 33 32 -10 14 17 42 -17 -59 22 17 3 21 -3 -53 -87 88 -65 -35 68 21 -44 2 -4 11 -49 -26 82 -71 -82 79 8 96 -80 -8 9 83 -43 -70 24 35 -82 -64 78 -79 63 -39 71 3 -1 -35 -39 3 51 -47 -15 -1 -45 -78 90 14 88 -83 4 
13 16 61 -28 54 -9 45 7 7 78 -84 -95 79 12 22 97 -5 0 -48 -81 -20 -85 -87 57 87 -69 34 -71 -16 -4 -50 -55 -74 90 -57 58 -8 99 83 69 -11 -30 -44 -75 -47 -16 16 -98 -81 2 6 44 85 5 56 -84 6 -58 -47 27 -65 50 -10 -89 -46 88 60 -9 45 49 18 -12 35 -26 3 -54 -71 -21 -35 21 -98 82 13 -42 23 23 -44 -19 -1 -36 -89 98 88 -36 -34 77 52 -18 43 96 59 -50 -51 50 -59 31 63 -58 22 -65 -74 33 -59 -15 49 90 22 -40 -48 28 -85 41 61 85 91 -83 -1 85 -39 87 0 55 -34 3 -26 36 74 -96 -48 20 -93 70 18 -21 -46 70 -52 -71 -9 -80 
58 -53 -83 -12 -16 -81 -70 -49 -56 63 77 -66 55 58 66 0 -26 -96 -75 -51 -6 -1 96 7 -9 -38 -78 35 81 19 99 56 1 -6 46 40 -16 27 3 -24 -44 42 -75 -32 43 60 -49 -94 -19 57 -26 78 18 57 8 -19 -10 -85 -20 -73 -2 -4 -53 38 17 67 24 29 80 -4 -71 50 -57 -75 -29 -15 27 60 -28 -29 -89 69 -62 40 -77 22 -20 23 67 -56 -70 53 -26 -75 -91 23 -92 -98 -12 -10 -76 68 -19 35 -15 47 -44 32 53 10 36 56 30 -91 -27 -53 -93 -72 -54 -1 85 -51 48 85 -54 73 -85 31 -47 40 -17 40 66 43 -17 -3 -59 64 99 -21 84 -32 -40 8 -88 36 30 -93 -51 39 
-58 -13 -92 -21 -71 -9 43 -13 25 -4 -40 75 99 72 -87 -11 3 30 19 -32 97 30 -3 -77 -84 91 -88 69 -44 71 -84 -45 -77 -46 -91 -95 -36 -80 -7 90 -55 33 -75 -83 -20 42 -76 52 -29 62 8 17 83 -78 -7 71 -30 90 58 69 -40 29 11 -9 12 27 52 -29 -18 33 99 35 79 -54 -34 66 -15 -42 79 51 -49 18 -65 -59 81 -88 39 10 58 -52 84 -91 77 -27 40 -69 45 -72 -99 9 -3 -94 -18 87 -78 84 -26 -32 78 1 9 -51 75 67 -53 -11 -78 37 -3 11 -21 -56 -50 91 48 -67 -15 -34 -54 1 35 -36 -10 -74 -25 -52 20 -2 46 62 -22 -21 68 -15 25 6 26 93 -65 -91 
-84 17 54 -71 -7 22 84 82 88 24 -79 19 76 -85 -59 -23 50 -36 4 37 64 71 75 -80 62 -44 3 -56 38 -46 -24 -65 95 -12 -30 -42 -20 -45 -76 99 -96 54 42 -27 -66 -51 70 -83 -53 22 18 72 -21 8 88 -73 -20 12 42 6 17 -78 -99 33 49 68 91 -20 -21 21 93 -41 -89 35 33 19 -38 -10 41 67 -72 -84 81 -29 -22 -33 -85 -26 19 70 12 -40 34 -55 35 17 -53 68 45 55 66 -95 80 -83 -1 -15 -77 68 -27 32 89 71 19 10 -42 96 -69 -10 -92 -28 -99 -19 -29 9 25 6 -87 29 99 -31 88 -41 -16 51 75 -23 -59 24 30 -45 -21 60 2 72 -82 71 -44 97 9 -4 
-17 -84 27 -83 -33 34 49 -10 73 63 50 55 -97 -99 22 5 81 60 13 51 90 -31 -28 -95 -98 44 -74 -28 66 -70 -83 -71 -45 56 -72 -89 -37 -71 -85 -18 88 48 -43 46 -71 -60 -73 47 -93 75 89 -55 -41 -84 -56 23 21 24 47 64 -37 -12 31 -7 -37 -17 71 19 90 -80 96 66 -88 -22 51 7 32 44 -33 -20 41 7 -64 76 50 -84 -96 87 -48 -50 79 6 64 22 -42 -11 -24 -88 4 -71 -1 -36 -43 50 -26 -85 93 56 -40 -40 -34 61 52 24 -90 49 46 11 -71 12 -19 -5 32 7 53 56 81 -9 -40 -57 10 37 -68 11 57 11 49 -42 -37 4 2 -8 -93 -12 -1 -4 13 -17 -34 1 
-67 -32 -4 74 95 -92 -10 -41 -90 32 -98 -94 -99 4 73 -88 11 -30 3 44 -2 -7 -76 -7 79 -55 -74 -12 -46 -66 26 31 30 -56 -9 -59 -73 -89 54 -57 2 62 62 56 -21 -43 87 49 94 -38 -95 -13 50 90 -30 89 -62 29 23 32 56 -39 33 99 -11 -89 -27 3 44 7 -50 -71 -66 -33 -34 18 -35 -26 -74 -87 31 -46 13 52 45 -67 -10 21 -38 -60 76 43 21 81 -5 -4 48 26 -24 -67 -33 69 48 86 -50 22 -39 12 -17 87 -89 -45 -20 -62 79 -86 -96 -81 -61 -88 35 54 23 46 -11 50 93 -49 -89 -21 82 -66 -28 -44 -99 51 46 -75 27 -8 -57 -5 78 56 -13 -73 14 -35 17 -13 
26 -66 -78 30 97 38 -38 -67 -30 -11 3 -80 15 -72 -62 -2 55 85 -90 -98 -5 30 75 95 57 -83 36 37 -17 92 31 24 9 -60 -40 53 -44 -76 -95 24 28 -65 -90 -57 24 -55 39 24 -6 -79 13 47 -87 42 15 93 -10 86 90 -99 -27 -84 36 -94 97 12 -90 25 72 87 47 28 -91 12 54 -58 65 70 15 -83 64 99 -36 -97 21 96 -75 -90 -17 54 -89 34 4 -87 -55 -60 -91 27 9 -75 62 10 96 -63 96 -55 -9 -50 -55 14 24 75 -81 55 42 30 6 -65 62 40 82 -75 -38 -36 -80 -57 6 81 -84 -44 19 1 43 32 -55 3 -39 -86 -80 -10 -86 5 6 9 95 -99 75 85 35 -83 
-24 27 18 -85 -32 33 6 50 85 -67 -97 -4 0 31 74 92 86 -62 18 60 -8 27 35 -72 45 -78 73 48 -51 6 90 17 98 38 95 72 89 -75 -13 -63 55 -43 52 -48 94 59 -76 -18 -63 17 65 1 29 94 -7 -81 -57 32 -12 76 18 19 91 87 -91 -70 -89 -81 49 58 51 -91 12 -22 -41 73 94 69 -98 -39 -94 90 80 -87 -22 -25 -62 56 1 99 0 47 26 78 34 -76 17 -67 -31 -92 78 -98 92 -18 -2 -84 -33 -76 -5 -10 -69 -94 -98 24 15 53 44 91 -29 97 54 66 83 -94 -67 84 11 -67 -8 1 -83 38 -90 -62 -7 -28 -71 41 -72 -31 2 -76 -10 34 46 85 23 -13 -51 71 
-77 -41 -16 -66 37 12 42 -84 -35 -22 -31 -80 -18 90 -95 99 75 -2 -97 59 81 80 62 -54 5 -29 60 -68 -99 -60 -94 54 -15 -7 -91 -74 -74 73 -96 -25 -38 97 76 -62 -74 -66 -86 40 73 17 89 10 -60 59 82 -23 84 -90 -35 58 37 62 6 33 67 6 -44 18 -4 35 23 69 4 -81 -56 34 36 -82 -16 -99 68 45 -5 -16 76 85 -68 -36 -89 -8 34 64 -51 96 18 94 5 -45 51 -89 -89 2 71 66 -44 48 -35 10 11 -47 48 -73 35 6 19 -12 -10 8 26 -58 -2 -76 20 -74 -98 -94 13 -69 81 52 -47 -24 32 -7 86 -55 -88 -31 -29 -9 -22 -88 -78 -18 23 -47 89 47 -18 -7 
-86 24 -7 -26 -2 -10 -19 16 -42 -68 40 -56 -8 37 -29 -53 -78 -52 64 24 -71 39 21 43 49 56 24 -40 -26 22 -60 6 92 65 -68 2 -6 -42 -82 -17 68 -27 92 -52 -16 8 69 9 83 4 99 -92 -99 60 -60 80 77 -5 29 -92 -85 -25 -26 38 53 -11 69 -94 85 91 45 -99 96 -64 36 -62 -21 85 -17 71 61 18 -47 41 -8 -85 1 46 -22 -99 -58 77 60 48 94 -33 -95 -79 -67 91 -33 -39 -56 1 -67 77 -89 7 -33 -16 20 -66 95 25 57 -85 -26 5 40 42 7 66 -28 32 -48 -29 -62 -28 47 4 11 -40 -33 88 -73 -87 -72 17 -32 25 41 -46 -68 -53 -13 -53 92 -42 97 -23 
-57 52 -18 57 57 50 53 62 48 -97 89 93 48 -43 28 -86 88 57 35 84 -26 -31 -54 88 33 78 32 -79 -55 -5 10 -80 21 -28 49 90 -98 -34 61 -53 81 80 87 -19 81 -73 -90 74 54 42 39 40 70 82 99 75 68 54 -25 80 98 -60 -19 -50 73 -93 5 50 -29 66 91 49 -3 -6 91 -94 -68 -58 42 -40 -26 -51 -5 -41 14 -40 33 33 -59 -50 91 -91 1 8 31 75 27 29 86 -97 -27 89 24 -81 -63 -51 96 -1 -84 78 10 94 37 38 -77 -48 -43 81 3 -11 -17 -4 6 -16 -68 95 -75 -57 -27 -98 14 15 32 56 -69 89 -51 14 84 58 4 -92 -32 50 -93 -73 -81 61 26 73 
14 -80 89 27 -73 -24 -9 -26 47 67 33 -32 -88 6 12 86 51 -51 -50 -24 36 -56 65 12 -56 83 -34 72 -72 -27 81 0 -36 -81 -8 -90 4 41 51 -86 -24 -5 15 54 -28 96 -78 -45 -68 95 -65 95 70 76 76 50 -35 73 -69 73 97 57 59 -8 -49 -13 87 -61 62 13 14 55 87 -90 -72 71 37 -52 -58 72 -19 -16 20 -82 83 67 -32 38 44 -4 -5 14 60 -77 91 43 -6 7 -97 87 36 63 -90 -37 -5 -59 49 39 61 30 82 56 76 6 -12 -67 -76 97 -99 90 -43 -75 44 55 44 -36 -18 -73 -66 19 41 47 60 -95 31 68 32 -57 41 25 54 -68 77 -8 98 -35 -23 27 -6 -93 
-57 56 -6 56 90 -40 43 -60 -31 95 -10 30 55 -91 -25 56 54 70 95 -3 -48 -81 -31 59 48 -59 -23 -95 -15 -39 48 -98 -64 -74 -36 47 -97 85 52 -91 -60 -66 -61 -96 -98 88 -31 19 -37 51 -12 -66 -17 80 86 26 -48 26 -17 32 74 6 -2 -61 -41 52 40 78 24 15 -88 66 42 32 95 27 68 -8 91 -24 14 -15 -41 54 74 -58 -3 34 -66 -52 -73 12 -86 -5 -77 -94 21 -33 -95 -46 -93 5 79 96 -70 38 66 79 22 34 -87 -99 68 -52 -44 -38 -21 -32 -92 -65 4 86 94 -16 35 -88 -94 66 -88 -13 97 57 65 -36 -38 -72 -74 -83 -67 -50 35 -67 17 -82 -40 41 -69 -1 -57 7 
7 8 -95 -33 -74 -4 52 48 12 -56 -74 -76 55 72 76 -10 -25 5 -81 18 32 60 -75 34 -53 14 26 -31 -61 11 2 79 57 14 63 -7 67 -56 -25 -26 6 -48 38 -26 3 -86 45 92 -14 48 81 69 -51 32 -64 -24 -24 94 -11 28 35 52 -55 62 33 -80 -10 0 -27 -89 -46 50 2 -14 -78 -23 -30 -68 33 -30 -56 -99 49 -13 -96 -62 25 55 -8 -23 -77 83 -20 42 -12 89 52 30 12 31 83 39 42 -6 79 5 -46 -46 78 6 -2 63 -1 -80 21 -25 75 43 38 -56 20 -28 76 1 12 -31 -34 52 -32 92 0 98 59 -69 -43 -60 90 -17 67 -80 -35 -77 -98 52 41 -60 -21 12 -96 -16 
-2 32 94 -74 23 -71 -91 -99 -46 -50 -50 19 19 63 41 4 -78 77 94 23 10 -85 34 63 -95 -72 61 76 -92 -68 62 -92 1 -26 -81 69 49 -11 -40 -80 47 71 40 18 -4 30 64 27 55 -70 -63 27 76 87 29 -78 -43 -53 92 -93 76 -63 -92 -71 23 72 -90 66 -52 56 6 -66 -62 -22 -38 50 -33 -68 -23 -44 -74 1 15 -3 86 -23 88 0 13 54 -1 -20 -25 -28 8 63 -70 -19 35 -36 80 -26 -98 -27 -50 -11 57 44 -13 -97 39 91 51 50 36 -8 69 -89 96 -1 20 -88 26 -76 -82 -80 -23 -60 -50 -47 95 35 -55 11 26 52 1 -66 -40 28 0 50 -91 47 -65 -33 88 70 12 -57 
-62 80 -85 31 -11 44 -61 7 69 -17 83 39 -11 37 50 -29 91 65 86 21 62 -98 -56 -64 72 -44 81 9 30 54 -98 55 18 66 -50 -26 92 -40 -67 -55 -72 20 -9 43 24 70 -42 79 -8 61 -5 29 -50 -17 42 -75 -65 85 -51 87 80 60 -50 64 77 89 -79 -64 -70 -82 47 86 -66 -58 81 -38 -28 -36 29 80 16 -36 35 -12 -67 -30 -57 6 -97 57 -9 -94 11 57 -3 62 93 24 -75 74 17 73 -85 -10 86 45 98 0 46 39 -66 -49 -79 56 -48 54 54 -48 90 24 -57 49 -73 73 52 -78 -22 78 -90 43 -62 66 -86 45 52 8 -16 -57 -87 23 -57 -49 93 88 38 -29 69 -80 69 59 
69 81 -36 33 -62 96 52 5 -43 84 -66 -33 -16 -27 -69 94 -30 95 -3 56 18 55 -66 -77 -53 99 98 65 -38 10 -28 -99 97 -65 66 67 -45 99 3 91 78 19 -35 4 75 32 35 -48 -13 -10 -97 -65 -31 80 63 -68 -38 -59 -53 -60 34 -28 -82 21 -6 80 -93 -25 -46 97 50 2 34 90 -69 -26 85 4 -54 55 5 52 33 1 51 -72 -48 0 -37 36 -55 -46 29 0 97 -75 -22 -8 -97 91 -95 71 1 49 97 -88 3 76 -32 36 66 66 -67 -29 -5 29 86 61 -53 -21 -88 89 45 -30 28 -11 -39 -65 -19 25 -16 67 -59 33 25 -63 78 -45 13 -12 -92 28 51 1 71 -61 92 -77 -11 37 
28 -20 -37 62 -30 87 6 -33 -17 -11 -98 85 -95 -90 40 -85 -18 -51 1 27 -43 -13 38 -55 48 73 -13 29 -32 -75 40 21 91 48 -25 -21 -33 68 49 -60 79 -66 23 66 -23 -3 -15 -23 -75 66 11 -70 89 87 -55 45 -24 -97 -15 -25 96 39 34 60 49 45 72 -24 -37 -4 -42 71 54 76 -47 46 -61 39 20 63 70 88 -17 6 92 -76 50 27 -76 -96 17 -43 -52 -60 -79 -77 75 -31 75 25 -72 57 -65 -55 -6 -7 -49 -56 -25 39 -54 -33 -82 -48 -15 -77 74 64 -10 8 -24 8 83 26 -12 72 99 25 -79 55 -93 12 -55 59 46 15 -69 -90 -5 -40 92 -89 -2 -37 -79 70 43 39 23 95 
70 -41 18 -28 5 1 -40 60 67 -16 61 -68 45 72 68 -67 -34 -89 -87 63 -15 30 0 -67 88 -63 -52 76 36 -50 81 4 -5 -46 -45 -95 -70 -19 -58 -78 63 42 43 14 81 -19 22 -51 -5 38 77 51 -93 50 -51 -45 -66 -25 -48 -65 54 -6 -97 85 31 -75 -85 72 55 -88 -61 -9 -16 -3 19 85 32 -85 -26 60 -36 96 57 -23 -73 38 32 -44 -52 40 79 45 -39 -68 30 -37 98 -79 -88 16 5 -58 20 -30 69 -5 91 -20 -4 -11 -50 -30 -8 -39 49 78 81 92 68 -56 -12 -88 54 46 58 -15 -26 95 47 72 -92 98 72 -62 96 74 -24 24 52 65 90 -42 4 21 -38 12 24 -40 29 -51 
65 85 25 -32 79 12 68 36 -94 -48 39 -62 93 -82 -28 -2 10 -18 56 -18 -32 51 -77 -85 -74 -31 -64 -82 -96 37 27 37 -34 67 -58 48 49 26 30 29 -61 -78 -8 49 -95 63 -3 30 74 21 -37 -60 -47 14 -55 61 -39 -97 -70 44 43 26 73 54 -67 -4 10 -98 59 89 35 -64 -40 8 80 26 73 79 99 -54 -2 24 19 39 -89 60 17 72 -4 31 -48 84 -64 -71 -74 -97 -25 15 -89 -96 -25 -24 -16 6 20 -18 -9 -36 23 98 -57 -84 -9 -58 -68 -19 89 -1 -93 19 48 -2 -3 -55 -14 -82 86 -24 23 -28 -81 -89 67 96 88 56 9 22 -63 98 20 81 -80 94 0 28 -6 -22 -50 -1 
-35 -88 44 -5 55 -91 -47 15 -4 12 68 -93 -14 -65 7 87 -98 -67 30 -55 29 -52 -87 63 22 27 73 -1 41 65 -5 35 72 -56 22 -85 -22 38 -81 8 75 -39 -8 -5 51 50 -89 -17 77 -17 -24 97 37 78 -68 69 74 -30 64 -1 -5 53 -66 -21 0 88 10 -60 -31 -60 -48 -76 -41 84 7 -88 -37 -41 5 71 -6 -37 8 3 -95 -79 -54 19 68 4 52 -66 65 -60 -56 -86 -47 -37 -73 -95 -16 -39 34 97 6 70 -44 -33 94 -35 -10 -60 23 -21 -48 1 -67 63 85 -49 81 19 -16 -79 90 53 -80 -3 -23 -20 64 -99 -25 -33 50 85 -9 -76 -6 78 16 -45 -85 -85 -86 57 20 -13 -21 30 
-57 57 36 3 39 -62 41 -35 29 1 -2 -43 -10 28 -63 35 38 -47 -74 46 -23 -70 -47 -30 -7 -87 74 82 -50 -55 -73 -48 -28 -24 -8 54 -64 -29 46 39 80 -76 54 -85 6 92 50 93 94 -38 -49 -34 69 -64 91 96 30 48 -96 -25 22 95 -76 90 95 25 -98 2 33 -81 -87 9 13 -74 -44 8 -99 91 85 51 -81 -6 25 -43 -31 -36 -64 18 34 17 37 -10 12 77 91 -50 71 -55 -15 -56 -61 24 99 -81 77 -91 -40 -25 18 -67 77 62 21 7 -77 -35 -91 57 91 77 28 -81 -93 57 84 58 17 2 63 -13 3 -60 59 77 -17 -85 99 25 61 -34 16 -96 38 34 37 -9 75 80 32 13 
-23 -34 -68 -74 91 -62 71 -90 -73 88 -77 5 52 59 -13 -24 -66 -73 -61 -59 5 71 57 85 95 5 41 88 82 93 54 95 74 98 -92 -43 0 11 30 36 8 86 59 -4 38 -66 -63 -54 59 10 -45 34 -1 32 -43 63 -58 91 54 -50 34 59 -43 20 -6 -64 -72 30 25 16 -49 95 -61 -34 82 74 23 -34 84 83 29 -89 -4 76 -48 82 -46 68 28 72 -28 -44 37 -29 -18 -73 37 27 -87 -60 1 -46 -88 -33 44 66 79 -55 -94 90 -20 -19 14 -4 -92 -16 8 81 94 11 -69 -55 92 44 -24 -66 17 21 80 -56 5 -44 19 -80 -36 -69 78 -11 58 11 9 55 2 23 -54 -30 -2 16 -8 6 
17 55 28 -9 -45 4 -1 -4 95 48 14 50 10 7 -98 -95 41 -62 98 -10 -85 96 11 55 29 -36 80 21 20 8 -85 13 48 -25 45 -47 20 0 67 2 37 -68 -49 -38 59 96 26 96 -42 36 -6 -18 20 -11 -28 -38 -15 72 -43 58 94 -34 97 -51 83 77 27 -95 20 -13 -11 -17 -83 -58 63 -71 64 66 51 96 -23 24 -9 -83 -78 15 51 -41 59 -40 -36 74 -3 78 -5 58 -11 -21 -16 -84 81 44 86 77 26 77 -35 21 -25 64 -71 -70 16 -15 69 -40 -48 -46 -77 -90 -64 7 -51 4 -15 27 49 61 64 -89 79 81 -94 86 -82 -45 7 35 97 55 8 -68 50 1 -38 -55 -99 -17 -47 -35 
-89 88 -70 -17 90 61 -5 -41 40 -14 8 74 -78 -22 76 26 35 36 -67 69 -30 3 -43 -39 56 -84 -19 -43 -33 53 96 -12 92 -19 97 -90 87 -18 -46 74 -20 65 -65 6 -91 96 23 -11 -53 -45 -89 -21 97 -17 57 68 92 -94 -94 16 91 91 10 -3 11 -92 51 40 68 91 -82 -23 66 79 -25 70 -10 10 -72 -31 -68 -41 -40 22 -32 6 -17 50 -51 -12 -67 -42 35 93 86 28 -48 -15 -54 40 14 -79 -20 38 74 96 76 47 -30 23 69 43 40 48 5 70 93 12 -72 64 51 -32 96 -27 74 -2 -36 5 54 -97 -40 -49 58 7 38 97 13 53 65 90 -23 -15 84 39 44 -3 91 -58 -18 -92 
-72 54 33 29 63 10 13 27 54 -35 30 59 -65 -63 -47 97 -5 -81 21 -68 -60 80 -80 30 3 -9 16 -46 -28 62 -41 61 58 81 -22 -79 97 12 -10 -17 -82 75 73 94 14 -16 -94 -97 82 28 -63 -72 25 68 -51 9 83 -91 69 32 82 18 19 14 -55 -64 -68 5 85 47 64 -24 63 93 79 39 -67 -99 26 -90 -83 -79 -86 48 -13 82 -54 35 84 -83 -67 -15 90 -11 -92 17 7 -35 -12 -9 -98 36 43 -31 22 77 -33 30 65 -54 1 46 16 57 -77 29 -83 20 -50 -98 37 71 42 -81 39 21 -19 47 -98 10 -23 -65 -23 -83 -85 99 7 48 94 88 10 42 -5 -59 -45 -34 -93 -78 -26 -49 
-64 76 11 49 36 -7 7 15 5 50 -36 45 67 -37 -40 74 39 -76 -3 27 39 -63 -25 -99 -68 30 -3 96 62 51 -21 9 26 41 66 -57 -28 43 4 -80 -74 91 62 -80 -33 11 0 48 96 -34 -95 -72 -88 -9 71 95 30 -22 -85 -43 -45 -49 80 80 -45 11 65 43 -13 60 -97 35 -63 -96 82 22 -88 20 39 77 6 66 -84 63 86 -96 74 -78 40 91 66 -67 66 -74 34 -47 -65 -52 38 97 -76 -74 36 -83 -5 84 -53 78 0 32 66 98 70 54 -60 59 16 0 68 -60 14 -61 23 17 71 -78 -66 -81 22 29 -65 73 -50 59 -61 98 44 3 24 -91 -54 8 15 66 48 -99 26 -85 66 19 
-24 7 27 46 39 86 72 -68 -10 38 -87 95 -3 -45 90 33 94 -40 -37 96 -89 -52 -41 2 -50 52 20 34 -64 69 -14 31 -66 -32 -5 -76 -55 -11 -7 -61 -90 -91 -55 82 -8 40 60 -88 67 -33 -8 -53 20 95 67 -37 71 47 -41 13 66 -87 10 -71 -8 96 43 59 -13 19 -64 -23 24 33 81 22 54 64 26 27 80 79 -93 31 -67 -41 48 -13 -19 -36 48 -3 86 56 -29 -39 66 -56 46 35 -35 -25 18 83 59 -33 82 -40 -74 77 58 92 8 41 -7 -70 -68 -61 -65 74 -57 -72 -59 89 19 -46 -88 -66 13 -80 26 16 -82 -65 21 76 -50 -67 -87 36 -26 -58 -64 51 -97 -84 99 -56 23 -30 
-55 63 -51 88 -62 -79 -26 25 -46 -84 -1 -33 -66 25 34 -69 46 65 -30 31 -76 -58 91 -65 10 -76 5 -72 -17 18 -35 41 -40 -89 -45 -45 -98 46 38 -54 43 -29 83 98 -13 -77 -57 73 67 -82 60 -75 57 -36 3 -85 -26 -15 -19 70 -55 26 73 -83 8 -48 -14 -86 -59 75 68 -81 58 -21 90 85 80 82 21 -12 45 -89 -55 18 66 93 53 78 -89 -31 -85 -44 30 83 71 61 -21 -98 86 32 85 -74 24 29 -21 -78 24 43 59 -73 -40 18 -75 23 95 77 89 -3 -34 11 -53 -43 -65 -87 93 78 -30 -48 76 -36 -43 97 3 57 -13 97 -64 28 36 69 -81 46 53 -93 18 -21 43 -84 -79 -85 
-43 -80 4 -14 41 -89 19 53 -79 -28 75 53 -22 -62 -13 83 48 -94 46 57 -3 35 91 8 -29 -89 39 -40 -72 75 86 84 -76 27 55 72 -1 -26 -96 -87 55 -33 66 -85 -79 -11 55 -55 51 -41 64 14 45 -45 -72 -25 -43 -42 69 -21 -10 -74 93 -29 21 -22 96 38 -37 -97 5 38 -50 -4 -36 39 -31 -40 -56 48 48 0 64 -21 -81 10 80 53 81 -55 54 -11 12 -15 98 72 36 -56 -12 -27 29 13 -2 -14 16 99 45 -86 36 -48 51 97 23 -82 -14 -17 -15 -85 -13 74 -5 -21 -83 37 71 88 -16 15 14 -46 -49 13 -86 -75 27 -49 -10 72 -23 -20 -80 -12 -85 -93 87 68 32 -41 44 -71 
-83 22 -51 -50 32 -36 -15 92 92 -73 -28 19 71 79 -4 -95 98 57 53 82 -10 -51 -24 -65 -37 -31 42 -92 14 28 -41 28 34 -37 93 2 12 9 -60 -33 4 -19 -25 -41 -51 -79 -79 -93 -26 -44 -75 0 40 -48 74 -66 -36 50 -62 17 36 5 91 14 -28 -70 79 -90 -25 43 -89 -60 -98 22 -82 57 0 -55 0 92 -57 15 -13 -45 55 75 85 -60 -75 12 -16 -46 -74 31 -99 88 34 -95 31 -68 35 16 -98 16 -51 -60 -50 -35 -44 -26 18 -11 47 25 -88 -85 -56 2 39 55 36 65 86 -20 71 -19 50 -53 42 34 -28 -57 -17 77 17 13 -95 -65 33 -40 62 -25 16 24 67 53 -90 73 50 16 
62 -20 69 63 -79 44 -37 -8 9 31 -40 -79 85 34 -75 93 -31 -89 -57 -22 -73 95 36 -99 -67 21 -34 -85 25 5 79 46 13 39 -90 -44 17 18 37 60 51 -69 51 -15 12 43 -78 25 -14 58 -44 -18 14 15 65 -59 41 -10 -55 93 51 -42 -85 -67 -6 -4 5 97 -69 -92 -36 9 60 -94 18 -13 -34 2 71 -16 63 96 -49 -46 -7 -50 11 80 64 24 21 69 -26 78 -13 81 93 -2 -41 -21 45 41 -84 61 46 2 -53 -94 80 -8 -26 -97 85 -6 96 -71 79 26 -45 -8 62 42 62 -81 87 -82 -58 -74 -34 58 25 -9 -81 10 -81 -68 -76 -18 89 -13 -2 55 -12 75 30 1 -19 0 95 47 
-97 20 47 5 93 -23 98 -74 -65 -15 74 -55 36 -88 -61 13 74 99 -48 -74 -86 -51 36 -8 12 15 -27 -93 6 -55 -31 39 97 10 34 -68 -13 29 -51 9 64 -51 73 -2 27 43 -97 3 53 75 -63 46 37 -96 -23 38 94 -31 -62 19 68 -91 -55 68 -90 98 -46 24 37 -2 -17 -64 36 24 78 17 -57 -87 73 -95 42 -16 -79 19 13 87 3 -47 26 13 -67 47 68 -88 98 52 -27 -92 75 -26 52 25 0 13 -58 -86 -84 65 68 29 31 27 44 25 37 9 -29 -86 -71 4 -50 12 -88 42 79 36 37 -15 93 -87 34 -47 -18 82 66 -50 56 -78 58 -65 -57 -42 -56 -55 -75 -44 -8 4 56 22 
31 68 75 68 17 -80 96 18 -54 50 96 -76 -32 3 -96 13 -3 -19 87 90 -22 45 -61 -47 5 69 72 -30 47 20 96 58 12 0 -78 -33 84 69 -55 -52 -96 62 -97 -4 -45 67 -16 68 54 48 -86 -64 22 -2 40 -70 91 92 85 -6 49 55 -92 65 24 -72 71 92 -2 -35 31 48 47 -1 -45 -80 -65 27 49 -82 3 -70 -14 -53 -10 -80 -70 -63 62 7 -11 -19 57 -55 67 56 23 -31 98 -85 -46 18 85 59 -62 -83 44 83 29 -25 48 -49 7 -5 -27 -41 -95 19 -13 -48 1 40 -11 30 38 -51 -11 -78 96 -4 53 96 -42 25 23 -41 -58 17 27 6 97 -82 25 -50 92 68 -40 -20 70 -97 
60 -83 -82 26 -38 68 -67 67 -42 -48 -19 -11 -73 -34 -33 13 51 14 59 15 -43 95 -40 83 67 -65 -71 64 67 24 -7 13 45 11 18 -86 -85 -89 85 91 46 13 55 -92 -53 49 -60 37 41 -35 -38 -47 25 33 -51 -20 -52 68 -37 76 -94 -99 79 73 -47 -76 -91 -60 -5 87 -62 -52 95 -18 39 -80 -66 -62 14 -98 -88 22 68 28 -80 -13 51 -80 66 82 -70 25 -81 -2 9 43 -19 -69 64 99 60 -49 -25 37 -75 97 66 -22 -28 -30 -33 13 -6 67 -9 88 96 -59 8 -43 -71 42 -4 -81 -23 -74 84 -87 -31 35 -35 -86 52 13 26 44 -35 -7 -85 62 -13 -96 -3 -75 -38 54 -31 -71 90 39 
4 -62 66 -76 44 -1 37 62 86 86 -92 -11 82 9 -14 12 54 -40 97 -4 -56 -54 68 1 16 -43 31 -48 -59 58 66 28 65 50 80 -52 -36 -88 10 -39 -79 41 19 -65 -55 40 -87 15 38 13 80 -38 58 24 -29 -7 31 43 -94 -88 -65 -40 -45 91 -69 91 92 25 61 -78 -64 26 -77 -73 -19 93 -2 35 -72 24 -97 57 -32 26 -48 70 -39 -30 -91 -15 -37 -91 -34 -61 49 27 -76 -1 94 -75 -44 41 -85 99 12 -55 37 46 -11 19 -85 -63 67 -28 -75 -6 -71 83 49 48 82 35 28 74 -73 20 52 -98 -46 -35 -94 21 -15 43 75 97 47 -70 -53 -65 45 -31 93 -45 50 48 -76 -62 4 72 
-44 -62 -40 -94 -85 0 45 84 4 -85 -11 -15 -83 -58 -7 90 67 67 -17 78 28 -51 66 -45 -31 42 93 84 78 -29 85 -51 29 97 25 88 -48 56 19 31 0 -19 66 -12 59 -92 -67 -38 -20 -65 54 64 20 61 -73 45 -2 54 64 -82 -24 -72 10 -18 74 -32 -50 -34 -86 -51 -34 98 10 -33 90 72 12 37 -37 77 77 -54 -60 -34 -76 64 86 9 -10 -4 -5 83 88 14 21 31 26 81 -72 81 51 -50 93 -16 -80 -8 47 -38 37 40 -40 -88 -44 82 91 -59 -77 74 -64 -82 -73 15 -91 31 -64 -75 -68 -99 92 -6 46 -2 85 68 -88 -70 -85 -97 -74 78 -12 -25 -27 -40 93 89 -41 -53 -38 50 
52 -70 -64 -32 -71 33 53 -62 20 93 8 -92 63 91 53 96 50 -50 53 -57 -27 -88 18 -1 -18 -61 56 -54 -60 18 -26 -1 -1 -22 -4 -4 -31 -24 -47 94 59 21 39 -44 27 -2 51 -47 -21 -93 -37 66 -19 -12 -2 17 -17 -68 87 -76 1 -20 -22 85 98 -1 -39 68 -64 -10 17 -14 -20 98 31 -29 82 -47 99 12 63 76 -62 77 23 65 43 -31 59 -13 92 64 -37 -77 0 53 -45 -38 -21 81 25 95 -81 80 -32 13 -22 -89 95 -92 62 -74 16 10 96 -27 -82 -84 -42 -59 -33 -56 -68 65 -46 -18 0 -39 6 -7 86 87 15 83 -48 78 89 -92 -86 85 -68 75 -61 -43 -56 -91 -96 -13 -76 73 
9 -85 -70 35 31 57 -37 -83 -84 -4 95 -19 32 97 88 65 50 -39 -59 50 -56 53 -15 35 90 76 -98 80 92 -10 -22 84 -90 -33 -34 41 -75 57 6 67 63 50 87 87 -92 -94 -76 -47 98 87 86 -19 14 48 15 79 50 -63 -15 58 22 86 -47 76 -15 62 9 73 -56 65 -56 4 -45 47 77 79 -65 0 21 -3 -72 67 -79 2 -20 -21 -14 20 -95 -94 -79 -39 0 -73 -11 -22 -6 55 -60 -47 88 66 60 54 -86 3 -63 -29 -71 -43 -27 -25 -9 -10 -39 15 -80 21 15 -15 53 20 79 79 -72 -59 -72 -72 87 89 -82 18 85 76 20 1 -42 37 39 72 -18 62 79 -73 18 94 88 -59 61 -84 
-9 83 -34 20 88 -97 66 -49 90 -82 -13 66 77 47 43 62 7 -49 -84 71 61 65 -37 71 24 -7 71 79 27 -23 30 21 -87 -37 -72 28 28 59 71 54 -47 -34 -71 54 -67 43 -52 44 77 86 -57 -30 42 -82 -62 93 53 -31 -40 86 -4 0 -8 -73 9 4 -76 -93 27 3 84 54 -48 51 -30 -39 39 28 91 96 -76 -81 -99 37 -24 22 68 80 -84 5 -67 8 87 91 81 -97 18 -53 -82 6 -10 75 63 -6 -43 -69 -98 11 -49 36 81 86 12 6 -10 93 -73 3 82 22 83 -73 -60 -61 -6 4 23 70 -77 -30 26 45 66 -39 -12 -92 64 92 10 -48 92 63 -19 -35 -87 6 55 96 -7 -65 
-71 -12 90 -71 -2 98 -90 -38 -3 -88 -71 25 50 71 -99 -95 -22 84 28 72 98 -82 -44 24 75 26 -69 93 1 -32 -14 -91 -2 -82 39 -20 9 19 45 21 -33 -84 58 -44 98 -61 -48 62 -22 22 86 79 41 -99 35 -41 30 86 -52 -86 -49 60 -41 74 20 -25 -88 69 54 -63 65 -61 43 18 -10 54 -46 -63 -74 -64 55 57 49 71 -28 -66 40 -97 -82 87 -42 -69 -69 -88 99 -24 -27 -14 -48 92 73 -48 97 74 -16 -6 -23 64 66 34 45 27 -11 28 78 73 -2 -75 83 -92 51 34 -92 45 -94 46 -27 55 -44 93 -63 -56 94 -94 -7 -43 -10 42 -50 -39 61 -81 -34 -66 -57 -92 -16 -31 -56 35 
25 89 42 26 -65 5 52 22 -84 80 -80 16 -52 34 46 -46 98 -98 -70 -91 60 -31 57 71 -19 7 70 33 67 -59 92 77 -54 -56 95 -44 -47 -35 0 36 -60 -17 -85 -71 92 11 -39 97 -56 26 -60 -51 74 -50 -98 90 7 33 39 -61 -40 44 -36 -47 29 83 -60 -75 -30 -74 -24 -61 -75 -36 -2 -41 89 -65 -28 19 29 -42 -81 -73 -17 89 75 43 58 -96 55 79 33 54 -18 56 -20 -70 27 -91 -81 -71 9 84 -31 59 84 69 30 -50 -77 61 -20 -28 -54 88 -15 83 12 26 -87 -77 -11 76 -61 46 -6 82 -54 -1 8 65 8 15 -39 -78 56 -65 24 -28 -40 -95 -16 -90 -66 -57 -20 -51 83 65 
-82 -78 73 -3 -23 -58 -72 -9 4 -17 -83 79 4 -73 -97 62 96 -51 26 16 -32 -32 -96 58 78 80 -54 7 -72 -70 8 74 -63 -15 -40 -78 8 -92 5 -68 -83 -27 10 86 78 42 28 90 84 -79 26 -24 80 70 -48 85 16 -38 -80 28 53 27 4 -32 53 -55 -37 -57 -34 82 -40 -81 65 -68 -86 49 46 -22 -65 23 80 -4 18 -12 -26 44 9 -50 -20 -45 -90 -21 97 -47 -72 54 43 19 72 -40 53 -7 -83 -19 -30 -74 6 -92 84 -20 19 58 -21 66 15 -68 -46 -60 39 -3 98 -52 -12 -35 18 90 -63 -99 15 9 -29 61 56 -92 70 82 -88 19 -10 -95 63 85 -8 64 28 19 -45 -23 40 2 
97 87 6 90 41 67 -53 73 0 -69 -14 -60 -56 17 -90 74 36 -79 26 46 49 51 67 33 45 30 -47 -80 60 -93 -60 -98 -49 -2 -42 -5 74 -25 -68 25 -19 -14 -20 -48 71 46 -38 -55 58 29 -72 66 -37 -41 -49 81 48 -62 -72 1 -3 -94 -43 18 -35 12 7 -11 62 -54 -54 -60 8 27 -70 1 32 -86 -20 15 68 -51 5 -51 88 5 -15 64 90 -97 12 -27 -59 60 -40 12 12 -25 70 33 69 53 -68 59 -1 97 -20 -80 5 -8 -82 6 -81 -17 -81 -5 -41 13 62 40 -82 -16 -32 -42 88 -60 -41 35 0 39 -62 -28 -10 7 -42 56 -42 -94 90 14 -31 12 -8 91 -76 -36 -26 -63 -79 -23 
49 -90 -68 -79 69 -91 5 74 -64 -86 -7 -14 -99 97 88 29 -28 32 -57 32 12 97 -34 -47 51 -87 74 -63 -67 -10 -36 10 -93 96 36 98 1 -68 27 -48 -82 3 -1 84 73 91 95 -5 -12 -86 68 27 -43 -95 24 -55 99 -84 -40 -4 35 61 98 41 -45 67 -81 7 -14 26 43 -43 51 76 -22 53 13 -68 79 -60 -92 -14 -12 50 70 -16 -14 41 -66 93 -5 32 13 42 -83 -40 22 59 59 43 -71 11 -64 50 -12 40 70 -55 73 -22 -58 35 -69 -20 32 -7 -68 85 -62 30 -29 25 18 -81 68 -90 50 -74 -83 81 -38 45 84 -4 -54 -48 13 19 76 21 23 47 53 -45 -22 32 41 -68 -9 32 
76 42 -41 53 69 52 7 -55 -93 32 31 -33 83 20 -34 -14 89 -90 -20 -11 51 -78 39 -26 -4 90 15 -19 43 -93 26 68 -96 -95 -23 -34 -65 -42 -60 54 80 -52 6 56 -84 -34 63 26 42 61 -29 47 -17 76 75 3 62 95 47 -72 56 -60 -60 79 -49 38 20 -14 -70 -28 34 -14 -24 77 -6 -74 -13 92 53 8 -93 -22 -16 65 67 -86 1 -23 -3 -82 52 86 95 5 -79 -14 24 -46 -24 90 57 61 47 91 11 92 -41 -90 30 -70 95 45 82 19 51 -11 -99 91 -76 -6 94 16 26 -80 -56 90 -52 -93 -25 -72 -45 64 -53 -45 35 -1 68 -9 -37 72 20 96 -17 -25 85 -91 -50 94 42 -67 
-14 14 -97 -71 15 98 -94 -45 -6 -74 -98 23 -28 -91 -78 -93 91 81 43 -52 -60 -60 49 21 16 28 13 67 -52 -47 21 -95 94 -11 89 96 80 99 -15 -3 -82 -71 71 -44 -89 27 -26 48 70 -17 -10 -30 13 -1 60 -70 79 -94 93 -13 93 -41 -25 -94 -57 60 -10 -87 79 -2 6 52 -15 28 -67 69 52 61 58 -13 9 -52 8 75 -60 39 -6 -72 1 -1 61 50 -66 -20 18 81 5 80 0 -91 9 75 -14 34 -32 -13 -69 -67 -9 -48 -11 -2 6 9 -1 -93 30 31 28 85 -83 82 -94 -34 -29 97 -70 80 53 2 -75 73 -63 76 11 53 59 -56 16 -54 -82 93 -54 13 -29 -90 -39 85 28 -7 
70 -75 86 -8 -52 -21 25 -10 -59 41 -60 51 -62 72 -61 -55 62 46 -11 29 -83 -76 96 -2 -7 2 -95 6 19 68 -79 -5 67 -24 -8 -49 -95 66 -80 80 25 64 72 -64 20 -15 -3 -68 -20 32 5 55 43 85 61 -57 60 -18 -66 -48 -74 21 51 -90 -27 -40 -99 79 -79 22 64 11 10 -35 11 40 1 -10 99 -68 81 -49 18 36 -99 -80 -55 -50 45 -64 -37 71 -41 -16 39 -84 -71 6 -58 -51 -91 5 95 96 66 -52 -50 8 29 25 -75 -86 42 -83 5 -11 19 14 36 -8 34 -16 -46 94 39 -97 -98 99 -41 -70 71 32 -36 61 64 67 -51 31 54 -24 37 -36 6 -8 50 -95 12 -21 59 -31 
58 -22 74 -72 -35 -84 59 -47 -64 -26 -78 88 55 -38 72 99 91 -74 56 13 49 20 80 72 9 29 2 -50 -9 94 -98 -73 -5 -94 -71 -28 31 -36 76 -89 -43 -59 -33 50 -13 -87 -53 -14 -61 96 -73 72 -2 -24 -96 2 9 -3 -63 4 -23 49 -33 -72 50 -80 -80 -56 17 -13 -81 33 90 -51 -44 52 -88 14 -12 99 -18 -8 61 -99 -20 -10 34 50 -52 -80 -35 14 50 -2 32 96 57 90 -46 -8 -71 18 -75 67 -11 78 -37 51 54 79 59 -34 55 -15 -16 -42 60 45 -92 29 -77 32 -54 38 58 -6 14 36 -36 35 83 -90 43 76 -83 -82 72 -54 72 17 63 -47 90 -73 90 -66 39 57 -89 20 
-90 -96 79 -91 36 50 64 -56 35 67 -90 49 52 81 53 23 -85 23 -92 5 -68 -43 -37 57 -87 11 58 -6 31 22 13 -47 -11 71 21 -84 -29 23 22 -69 -56 -55 -97 25 3 1 -54 38 -49 20 -51 -35 -81 -17 -15 -57 -44 53 -31 67 22 -43 41 -55 77 -54 15 -64 26 19 89 31 -59 -15 35 30 -68 -63 21 -2 46 -37 -87 35 91 55 -50 56 74 -24 19 96 -2 -88 -90 -90 -87 71 -16 -67 82 25 86 25 -33 -88 83 23 -48 80 -25 -72 -36 26 98 -99 -67 -6 -32 57 -81 -3 81 -70 -34 82 12 50 -59 84 -51 75 98 29 23 57 -83 87 1 -95 -30 29 -48 21 52 -25 -27 -11 -47 -67 
