-98 -53 -15 -35 3 92 -21 24 -80 92 -83 -96 91 -54 1 43 -62 6 -69 -45 12 -93 -6 15 39 -6 -92 66 -10 44 25 58 21 -28 -32 12 -75 -47 46 87 72 17 -94 34 -30 -48 -71 4 46 -73 72 35 -97 3 65 -65 3 89 -6 -23 8 19 -15 84 -8 -78 -56 21 -65 -86 9 63 -67 73 67 -38 -14 28 -58 -99 -26 -88 -76 -70 -18 -23 42 44 -26 22 -2 28 52 70 16 5 -37 -90 -30 5 
-36 -89 -27 55 -63 4 -60 -55 21 -74 35 -58 36 65 26 44 50 8 -16 -30 70 -70 75 34 37 41 -5 -89 46 -2 76 49 54 -23 -31 93 -47 17 3 -56 25 6 27 34 -62 77 -58 -16 -6 -73 23 -20 -58 72 90 -92 -31 -57 46 77 -58 59 -56 72 18 12 -41 -68 -38 -18 -92 86 33 21 -5 -75 -27 -89 -63 74 36 25 16 -77 -71 37 65 41 -29 -10 -37 30 45 69 -92 69 44 19 10 96 
-85 -65 72 -9 -23 -18 -79 39 -99 -87 95 -89 3 81 43 -80 86 -81 75 30 92 28 3 67 -21 48 -64 -18 61 51 76 -81 93 -48 -81 5 -32 26 -1 52 -23 -64 85 49 -96 -56 -73 2 -64 -81 -74 -20 45 36 4 23 -28 78 6 -68 -90 55 56 -11 -59 92 -41 -8 -87 21 75 -76 53 39 -21 -67 32 74 12 -61 -98 39 33 77 -46 54 -83 26 -47 76 -30 -64 -95 93 -61 92 -23 96 -72 63 
45 64 -22 63 -43 -35 79 65 -87 14 32 94 -10 -12 -4 71 -72 -77 20 8 -46 68 -21 -39 -33 39 24 80 64 83 -41 49 -63 -52 46 -35 76 -23 -27 13 -12 -58 -34 82 69 42 44 85 89 -92 -94 32 90 -61 3 87 -67 37 26 28 55 12 22 -12 -13 -71 -26 61 8 24 -99 93 -1 84 -89 -55 -36 -34 69 30 -5 -26 9 -79 65 -18 -35 45 -73 -95 52 -95 -86 -81 70 69 23 -56 -35 55 
70 -2 -2 38 -85 84 22 -2 50 93 -33 -52 -67 -68 -72 30 89 -46 -77 38 73 -17 21 -31 -76 53 92 0 -67 -76 3 -56 -26 20 21 98 -56 47 -1 69 -49 46 -31 67 73 26 -20 -23 51 -33 42 85 0 90 -66 33 -51 88 -14 74 -38 -26 -47 -44 -52 -52 41 -16 -24 -31 76 67 25 86 -72 -35 -63 93 64 -29 76 5 -24 -72 -49 0 36 8 -23 -30 22 54 74 -42 43 5 -63 27 -34 -55 
2 -27 35 69 -97 95 -26 22 24 59 3 45 19 57 41 -49 -4 5 -61 30 -9 -91 54 -55 -60 63 30 -13 -41 -65 -11 -21 -59 -65 -4 62 51 35 -66 41 17 76 19 -75 47 65 -87 -70 66 33 -17 76 58 30 26 51 83 4 -74 -48 72 15 -64 -65 -42 91 72 40 59 5 -68 21 95 -82 25 -22 5 -43 -93 -44 -6 -64 28 60 63 82 44 -73 -25 -23 6 8 0 76 -2 -85 95 99 -60 -76 
-6 -42 27 44 -95 0 17 12 85 -38 37 59 93 77 35 64 2 30 33 -82 12 -78 -3 41 -92 47 -79 -22 78 54 -28 85 -62 -29 60 -89 -54 -72 -88 71 -2 -76 24 56 -71 -13 -99 -67 -5 -1 68 -95 -46 -56 71 -5 78 -42 29 58 -91 -8 30 -91 39 -36 31 -8 -69 -93 78 11 5 -1 -77 44 -83 -42 -62 59 13 79 -80 96 52 50 -80 94 -14 91 96 -33 82 -93 -48 4 94 28 -13 -65 
-90 -4 69 8 93 -15 -18 20 49 52 79 77 -65 -34 -62 19 -14 -78 49 83 -69 51 18 -99 74 -4 75 -33 -31 -81 -74 -75 32 53 9 29 -77 -42 61 -17 -33 36 95 -18 75 86 -88 -73 -76 -18 -56 -46 -4 63 -15 -98 14 -58 70 -26 66 67 -52 96 -24 -81 56 -75 7 0 -51 21 76 -35 3 -48 10 76 25 64 55 -23 31 -49 -21 82 -84 -74 55 -29 -18 82 28 1 73 -91 68 39 -30 -42 
31 -64 56 41 -6 25 48 -95 96 53 33 74 48 36 11 -98 -71 41 82 4 -88 98 -42 -55 -57 -39 53 -42 -46 72 -32 -71 -5 79 -62 60 58 -36 90 66 -55 -60 90 -69 -51 11 67 41 5 28 -79 48 -11 80 71 84 -19 77 62 -35 42 71 -95 -31 -91 30 -35 -1 80 -57 76 -62 64 -67 31 93 -53 -9 -1 -44 -25 20 74 -35 29 -33 -15 13 57 -95 -36 -93 56 -71 67 -53 -55 1 9 -93 
-22 67 83 -17 28 23 -84 42 -85 77 12 -52 55 65 -21 12 27 7 -98 36 -20 -10 -25 -92 -92 -86 68 -85 -70 73 -89 -14 18 85 -55 36 -25 -62 69 28 -92 -31 -34 -20 49 -86 -51 -33 -96 41 80 -97 64 -37 -54 47 -65 -16 -85 32 31 74 76 -31 -32 -19 -2 -43 -64 -49 13 49 87 -51 82 46 33 0 67 27 56 -79 95 -82 3 -49 -44 35 -75 62 40 -42 61 51 5 -80 55 32 27 6 
-63 43 -77 -96 87 61 3 -23 -46 -49 -91 -51 74 38 96 -30 75 92 -80 -7 -18 97 1 28 47 -75 21 -23 5 -17 22 51 36 -86 -77 -7 3 16 25 13 -66 30 49 31 71 39 31 -39 -85 -79 -87 -81 60 16 -50 -59 -80 96 -62 49 70 -37 -98 94 -32 64 -50 44 -94 -51 91 18 -39 79 72 -37 -27 -79 -43 -34 -98 -82 17 -44 -40 14 40 40 -79 3 -12 -52 81 52 30 69 64 94 -66 17 
15 64 23 43 37 7 89 -2 -65 -22 -24 81 -5 33 90 21 -94 9 -79 28 -18 23 48 12 3 84 23 -57 48 -74 -75 39 64 9 18 -12 68 -52 86 -71 51 -83 -83 -78 46 -44 -58 11 -76 31 -11 -4 4 -96 52 -67 99 40 -3 5 32 9 52 -38 -18 90 -47 -70 -62 -63 -48 90 -87 0 -48 76 -22 72 -29 51 40 -52 80 16 31 -59 74 8 -52 33 35 -92 29 -48 -22 42 91 47 37 38 
50 -16 46 39 65 35 -50 24 -26 56 88 1 32 85 92 -56 -93 53 95 -27 -42 -68 31 75 -53 -29 -20 69 29 69 65 3 91 61 78 -69 3 -19 -58 79 -50 49 92 99 -17 75 -17 81 39 84 90 -66 -8 -2 -81 67 11 -13 15 -67 -91 21 -1 25 83 -33 -74 -91 94 8 -91 -43 60 -71 -74 -93 -36 -46 6 31 -21 95 -77 24 -42 -90 -10 36 -99 63 -66 44 -75 -11 -84 38 -20 35 -47 66 
-34 55 -81 16 -34 -13 67 -2 -19 -45 69 -66 85 60 12 -87 -6 -84 91 -5 -72 -30 -63 85 52 -20 -77 89 54 92 90 -48 -24 -25 -6 1 -53 6 26 55 6 -28 -39 76 -62 52 -95 61 -2 -70 -84 81 -47 73 87 -32 -51 -73 29 83 -41 -62 49 -3 -44 -36 -69 -96 -99 47 30 9 65 91 -59 -16 -54 -21 25 -64 -41 -94 5 -86 29 -53 99 -85 82 70 1 -83 -20 -65 76 -14 -62 -12 -85 -22 
-93 -56 65 12 -7 88 -32 -16 41 -12 83 47 23 25 43 21 38 -69 -43 17 94 -2 6 -50 -88 56 -78 72 -73 -88 -18 -96 -84 -91 -36 -33 -59 25 -96 -24 -41 -11 -14 58 -59 -70 59 -27 -87 -86 62 -25 -54 -83 -20 -78 -19 86 -62 -50 15 21 30 40 -74 39 -32 -48 -7 -30 -55 -91 30 46 64 -28 73 45 43 -45 37 -27 42 40 7 79 -13 52 60 87 -91 55 -13 41 81 0 -24 -70 -82 75 
20 -15 54 18 79 28 46 12 -66 91 -91 -48 22 -99 -56 -14 52 -65 2 50 42 67 -86 -29 32 -70 -5 77 91 -43 25 -42 13 -33 91 0 57 -69 50 -5 -68 -7 -23 54 58 -10 -90 71 -80 18 7 2 10 -54 19 89 72 -23 82 -29 -68 -45 28 91 56 83 22 -26 -15 -53 -16 29 61 -65 -49 25 -7 -71 -10 28 9 4 -88 -78 -37 -78 -43 23 61 80 -29 -50 96 52 -32 85 -10 -80 56 -7 
65 -28 -23 11 -88 30 -40 38 -64 -91 -99 73 10 94 1 -78 -6 63 -33 12 42 -45 -63 48 68 -35 -7 80 57 19 -77 13 8 -3 17 -25 -47 -99 -8 -11 80 -69 -36 12 -47 -9 -57 67 -14 57 -42 72 68 -91 -65 41 -51 3 -25 74 -29 -99 22 -21 62 -34 -8 81 -58 -76 55 62 61 -9 72 38 13 -37 6 -50 -86 78 27 46 -45 85 -65 -56 55 -95 43 86 -11 73 -50 90 3 -18 45 19 
-68 10 -27 -21 99 -17 71 7 -9 -46 -97 -38 79 -64 97 -38 93 -86 -56 90 36 -23 3 -67 66 91 -11 68 -82 43 -95 -13 27 43 79 -82 98 -53 -94 -60 10 -68 -20 -77 -49 85 66 -22 27 10 46 28 80 66 42 -2 79 44 -65 -78 -5 13 -59 84 62 49 -98 28 96 -40 31 98 -31 24 13 -5 -25 -29 11 74 -84 61 58 -8 77 38 25 52 33 13 99 2 -35 94 -84 22 -74 -78 -38 18 
40 -85 8 -81 -23 64 -50 53 -77 69 -89 89 70 -6 -99 33 71 -99 -74 -58 34 -97 93 63 98 -92 0 -62 -43 61 -23 -32 -67 32 -89 -78 -92 16 28 76 60 35 -11 -59 67 -10 59 12 71 -27 -91 64 47 79 0 44 -22 25 94 7 80 -74 81 -68 39 19 -90 70 39 -97 -89 -91 -35 -8 -73 23 -79 56 13 38 62 38 1 68 33 -27 36 -27 88 -17 76 39 -6 -15 -44 -10 88 12 35 57 
21 8 4 44 71 82 -6 53 -75 -99 -87 37 -20 8 15 -2 -53 -65 -75 -8 77 -66 33 69 -49 -34 50 21 39 77 11 43 49 86 -89 -4 -2 -87 12 -36 -8 8 -55 -28 -84 69 28 1 60 -8 12 78 -39 54 -18 -57 -14 94 -78 64 55 17 -71 -95 7 -14 69 49 -5 -86 -62 82 85 -18 -74 -48 -84 -61 33 -45 -48 -24 53 -68 56 -92 -48 -1 -51 -17 6 -1 49 31 52 -4 -88 -27 -36 -16 
78 -83 -94 -55 -68 56 -14 -57 90 -32 -99 -13 -25 74 -76 9 14 32 16 -3 53 77 -54 48 91 98 81 -32 28 14 5 -42 -78 -36 68 86 -85 -98 -32 -98 -75 -81 61 -62 -26 88 -33 38 4 -28 83 -79 -53 62 -16 -4 22 -36 -5 -83 5 18 20 -47 -27 59 -92 93 36 82 -19 60 71 -23 64 43 -3 -49 22 -92 -94 41 27 67 -43 -87 -73 -52 57 39 87 85 -13 41 4 -54 -95 -53 81 87 
47 22 86 65 14 -34 76 -54 -8 -14 -25 -58 -42 -28 -36 -7 2 -40 -24 -77 -28 48 58 -86 -75 22 -92 -61 -47 -40 -21 -59 26 -46 -94 -52 68 -63 -43 54 -89 7 -24 44 50 -26 47 -32 -68 -28 20 -74 -96 -21 -34 5 28 38 -24 -86 54 77 93 -40 -15 25 -45 73 -92 57 5 24 -34 26 -99 58 -46 -62 7 -1 97 42 -16 24 60 -95 38 34 -60 -2 -2 -40 -84 92 -3 -58 -31 60 -50 72 
-72 -67 -63 15 -58 79 -97 82 -27 88 -14 39 -91 62 -61 19 29 49 59 -28 -71 73 -11 50 76 92 52 -44 60 -98 85 63 88 63 18 48 -51 -83 -32 -94 -1 51 -78 56 -15 -43 -83 -13 -49 86 -3 48 92 93 21 16 90 74 89 95 84 -4 -30 35 -12 -28 -24 26 19 -48 -23 -95 -98 81 71 31 -30 -30 71 -77 46 -58 -26 -59 -1 -92 -89 94 -56 81 -43 -49 65 44 22 -14 34 69 -16 37 
58 -11 51 10 -62 -62 23 42 -83 -11 12 99 70 -82 44 13 9 -24 -38 97 14 -59 75 43 47 -90 50 10 -63 31 70 24 -41 -56 35 -18 76 57 -59 -52 93 -58 -59 -50 -35 -66 93 4 20 -2 40 -53 -5 -29 32 19 -58 96 35 67 -78 23 -90 -46 -18 -97 -26 3 67 73 26 -29 42 71 -12 39 -3 -62 -59 59 -96 -75 -27 4 45 97 -18 70 88 -76 -78 84 -85 98 25 6 65 72 -4 -88 
-23 -97 -91 67 81 32 94 64 -3 -28 -72 9 -2 46 -79 11 79 79 -45 52 67 60 6 43 89 64 54 32 97 98 22 -56 56 58 -58 -74 85 65 -60 -40 75 -13 4 83 66 16 -45 -65 -79 92 -58 -21 -56 -2 -1 -99 9 33 66 -1 -97 29 -59 28 -53 94 -87 -22 80 83 -82 20 26 24 -82 -24 -4 34 53 -39 77 63 37 87 78 -76 85 72 64 65 3 40 -50 -37 73 33 -1 16 -9 20 
99 2 -20 -95 38 -83 46 -83 68 -29 64 -76 -34 -15 -16 -53 7 74 44 -96 -71 56 -63 21 -21 -37 -6 90 78 64 14 -2 -6 77 -87 36 -72 -13 -95 61 48 73 -21 -71 -44 -20 -51 -26 -33 67 54 98 -22 -30 -68 55 -47 -66 25 -72 -58 48 4 80 -62 -82 -78 57 -17 -96 -56 -61 45 68 -65 2 -53 -44 -74 -90 -76 -64 -82 -58 3 75 -33 85 -84 -52 -64 -49 -5 -94 -70 38 38 15 98 89 
-98 -34 17 91 -17 37 -75 -5 -24 -30 -26 57 -61 -84 63 52 -25 -59 -40 -54 -88 -90 -48 -27 -86 94 9 3 -97 87 -99 39 -44 6 8 11 65 56 -20 -17 -52 44 66 80 11 44 -61 88 33 20 -88 -23 -31 41 55 -16 93 -75 -43 -36 51 -49 -91 -41 -56 -44 30 17 -34 -60 -33 -80 -42 -15 49 23 -77 -61 -72 67 54 -19 -5 -72 -73 -31 -41 -36 96 -51 -14 85 39 -99 97 73 84 -25 -22 -98 
-26 -72 -41 -3 51 72 -65 -62 56 63 42 -29 -19 -88 -98 -80 -14 78 -37 -29 71 46 17 73 24 -91 7 92 -55 58 -96 -2 -58 47 84 -78 9 -35 -51 -25 -6 -35 58 -95 -44 43 -38 3 -19 84 95 58 -61 95 -38 -42 49 74 23 80 89 91 7 -50 -27 2 -6 -27 -81 -29 -17 -85 84 -35 73 83 4 38 -73 96 0 -64 57 -9 91 31 21 35 99 -82 -34 -45 92 -12 23 79 -52 19 66 -79 
-23 -60 -99 -26 -75 77 -94 60 51 -94 -10 10 99 5 -11 -94 73 97 -69 -57 85 -84 45 83 46 28 84 3 -96 63 74 -13 97 -71 74 23 41 95 93 78 -52 6 6 -43 -56 -97 -45 34 -61 76 98 -23 -86 -35 -46 -24 53 7 62 6 -28 67 86 -64 -8 92 91 92 -18 -52 45 74 -92 7 76 -76 75 -82 -50 2 73 -39 -79 -37 40 -20 33 -53 -19 -89 89 23 19 -87 45 10 -11 -99 -31 -36 
18 67 -94 -60 26 24 -59 -80 18 -65 68 68 -63 -7 -22 -22 -25 4 91 -77 77 -1 -20 -86 -82 0 -58 37 -60 -14 45 34 -9 -5 67 14 -4 67 -73 72 31 31 38 -89 5 -51 64 -33 95 66 0 -31 -93 -76 82 -6 -91 -41 -86 77 -92 -51 90 -14 -33 53 -63 99 -54 61 41 67 99 -57 -86 20 -80 32 -87 31 -51 35 -73 -34 -4 -73 64 14 34 -17 84 -90 57 -6 -6 -97 44 -66 52 40 
-39 46 26 -50 -32 -37 48 3 50 32 -99 33 89 77 -28 -86 83 -2 56 -30 60 -30 -12 82 -51 27 83 37 -30 -2 -24 47 30 -61 -97 -32 -68 -33 -82 -87 88 -7 -30 -16 95 38 72 50 64 5 95 -96 8 58 45 47 35 -39 77 -10 -54 -17 24 -78 -6 -17 -77 34 -8 65 -31 64 7 -7 -66 -97 -9 -80 39 -76 -69 47 -75 -93 49 -40 -88 28 70 69 26 37 26 -17 -10 -98 -76 -1 -4 46 
-12 -23 61 9 -48 -54 -13 86 1 -34 -8 0 55 3 -44 17 35 -61 -57 77 99 86 -23 -76 -37 99 0 68 9 -50 74 -41 51 -97 -54 45 10 -54 -55 -60 2 -71 51 -90 -22 37 1 -13 42 10 20 92 43 -50 34 98 -93 -10 55 48 5 -96 -16 -11 79 77 -39 -95 -64 98 96 -51 99 17 11 -48 -62 -56 -73 -78 -30 55 -95 -76 55 -18 12 -53 9 -32 79 22 45 0 -56 -94 -95 -43 33 97 
48 31 -18 11 5 -27 22 76 57 34 96 -99 -71 21 -34 50 95 9 90 49 51 65 -40 83 12 -80 -95 69 -74 51 38 -22 19 30 92 11 -78 89 69 -43 -23 57 -72 -3 98 55 -61 89 17 -62 42 43 -48 62 -55 42 99 11 37 -80 74 81 -17 85 -40 -52 -9 -73 -33 35 8 60 90 34 -29 -66 -78 31 -2 -75 -69 73 -15 -4 -18 98 78 -93 13 1 -97 70 -73 95 70 -56 -32 94 37 95 
-65 -31 18 -15 -59 30 7 -5 64 -51 22 -30 -4 -95 -38 -29 5 -58 -15 -22 36 -14 36 72 66 -17 64 12 -75 -16 13 -94 -51 -29 -84 -67 70 7 7 41 -83 -46 -61 11 91 -38 69 -36 -97 8 72 75 -13 20 79 -63 93 -63 64 29 -34 -24 -93 28 35 -27 -50 92 -78 37 -25 66 -41 -20 30 25 23 48 37 -47 95 -43 79 80 -47 88 68 93 27 83 11 18 -55 -57 -96 98 56 43 -95 72 
-72 9 -23 -36 -51 51 27 12 78 55 12 -15 96 24 70 86 72 86 -36 40 -46 -32 47 -4 -42 79 -62 38 -39 -56 64 -84 -95 -86 -50 83 95 -20 -46 31 -81 -44 21 15 60 79 -87 -67 19 -52 38 -93 -89 -45 -85 39 96 19 -6 33 17 -16 75 -95 -92 56 99 28 37 47 -25 47 75 -86 -29 72 -51 -41 -33 -4 41 -74 -85 50 77 24 -62 30 -62 74 -31 -30 -36 -21 76 -90 -62 71 -97 -73 
96 -56 -60 93 3 75 54 61 -47 -35 -62 42 85 13 -95 55 -81 20 88 38 -4 -53 -74 -95 70 20 -67 72 -21 -14 -43 -46 26 38 51 47 15 91 67 -63 -93 -58 -40 13 0 25 -92 54 -12 78 23 31 -79 -31 -48 24 70 15 31 25 41 2 -48 30 46 11 21 43 58 83 -30 76 16 -59 20 -87 -64 63 92 60 -77 -21 -78 -28 -93 34 69 54 41 43 75 -84 -80 -36 -30 -3 37 49 -39 30 
62 -53 24 -45 25 -31 -31 -89 65 -71 -33 -58 -32 -15 -63 78 -34 68 -15 21 24 -49 -88 -71 94 -69 -27 58 -89 -56 -23 74 25 -16 66 -24 -1 -78 -46 80 58 -63 -52 77 16 31 14 50 -99 -13 -64 98 50 -17 -77 -25 44 31 -20 9 90 58 38 93 39 6 -86 53 -48 25 -57 3 47 -16 56 32 52 -20 -56 -62 -24 64 39 32 75 52 -23 92 -28 -33 36 34 23 20 80 28 -56 -26 -8 81 
-18 -19 93 52 44 -72 49 -81 67 -61 -4 -41 -27 -53 67 63 -14 -91 2 64 -54 -71 -96 -9 92 96 10 85 72 -15 45 51 -82 27 37 -86 52 -36 -73 46 58 -20 -25 -24 -65 64 -39 -2 -69 -57 -22 -48 72 74 52 47 76 -15 -67 -90 -59 42 -35 8 -32 1 69 35 25 -11 7 -27 97 24 -15 53 -55 79 84 31 -10 97 -3 -81 -65 89 -53 4 -92 -41 -2 -40 -86 -32 -13 23 17 32 87 -7 
-41 -19 36 -58 -10 -31 -98 61 45 -21 -62 -51 34 46 -34 65 -61 -32 6 17 78 17 5 49 8 -83 -74 27 -78 -25 -84 -40 -20 20 98 -16 58 3 55 54 68 27 -73 -23 -74 5 -73 96 30 -39 24 -45 -14 -78 -23 3 -18 21 73 -70 77 -31 59 87 22 83 65 -10 -57 21 97 87 -96 42 10 93 29 6 1 -60 -73 3 43 -1 -15 -87 -97 -64 50 -57 12 -6 -88 98 26 96 -63 -23 -32 -60 
-8 -77 -3 33 71 34 64 -92 -51 37 -48 -89 8 -25 63 77 17 76 42 -88 -17 85 69 45 -91 -3 55 -19 -46 -19 -57 -72 4 42 -2 96 -4 -91 -70 -26 -72 -11 -31 60 33 -11 -10 -54 -71 29 -99 -24 -1 62 -9 -6 -6 -8 69 61 -20 -42 -18 95 -46 -77 -31 82 41 -61 60 -98 -38 -55 69 17 24 5 -49 84 -91 99 58 9 10 -46 51 26 22 -66 -99 12 63 51 52 1 -88 -69 42 -54 
-7 -84 35 -76 84 -52 44 65 65 -79 96 -50 49 98 2 -76 80 63 -38 -10 -90 37 80 -29 -90 99 57 -81 28 -34 74 4 83 -70 35 72 -75 -86 -80 64 -51 -85 -44 82 -1 -89 28 99 25 -10 29 43 38 -48 27 76 -58 -14 -58 84 -42 16 -55 58 43 -23 -51 -23 90 30 -81 -66 46 36 -47 96 -89 -11 45 -95 87 65 -43 -59 9 -24 81 -3 46 30 84 -58 -69 97 -28 -83 -93 -99 15 -79 
-89 58 -52 -32 52 5 76 -90 45 49 -44 -26 -89 23 -79 33 -95 40 -43 -97 59 96 -67 -58 79 -7 -93 -53 34 90 -32 -21 -90 -99 15 -20 63 -80 -85 -60 -78 56 34 10 -22 23 13 86 -11 21 17 -52 45 31 91 28 -30 -59 82 -20 58 -88 28 -31 -55 35 55 -75 94 54 -39 16 56 -72 1 71 10 91 -5 45 -66 65 29 -24 68 58 -4 -99 70 -25 25 14 76 -67 48 65 10 71 87 -90 
93 -44 0 -87 41 50 -69 11 -9 74 44 -51 -82 96 -57 19 -45 -15 46 -50 43 -36 2 -9 -92 27 43 23 29 84 41 -47 -32 -8 -78 45 -73 84 44 53 -38 -95 99 95 84 59 58 7 -64 -14 69 81 -90 78 -93 -74 94 76 -70 53 4 -72 81 -47 -69 -90 0 -36 -83 -53 -76 18 43 28 -24 -28 -64 45 5 31 -65 -67 78 -2 -7 93 -35 13 -78 55 75 -9 9 -47 12 19 41 -12 -76 -83 
-75 -87 -55 92 15 -20 61 -69 -29 37 3 63 -17 74 86 -15 -33 -41 -88 63 -52 82 77 -93 78 -2 -35 59 90 -71 -33 61 19 41 -45 -10 0 22 4 -47 -90 -87 22 -22 -1 -26 26 -1 -38 29 33 33 -64 -10 -66 12 64 -79 84 72 74 1 72 -65 -53 58 13 -2 96 -29 66 0 -80 -61 34 -55 59 24 85 65 -41 83 20 -93 -90 25 25 93 19 -10 -10 -90 66 55 -83 -34 -6 -55 54 86 
30 50 36 20 56 82 -23 -87 -38 -6 -24 -85 15 -27 87 -66 -45 26 67 -27 -85 41 52 93 -84 33 68 9 19 -50 -89 -94 40 -38 -91 -39 7 -93 -1 88 -82 40 -65 -83 39 -41 93 99 -34 -64 -63 38 -2 -10 -54 82 30 -69 35 49 -63 24 -83 95 -60 92 -88 0 89 46 98 -91 81 12 -22 -73 97 23 -33 -38 91 -43 79 -6 95 62 -77 -58 60 24 -47 -22 -61 2 -67 36 -42 -43 75 12 
68 66 -96 20 83 79 58 -78 -30 89 -39 66 -73 -20 24 -87 37 -10 -13 57 -90 -51 2 30 98 57 66 36 39 36 -44 -85 -21 -87 -27 72 58 -41 54 -84 -91 77 86 -85 -18 -61 40 -60 77 -90 -71 -51 45 -94 40 85 48 -21 93 -37 -86 -38 -58 61 67 -58 2 0 75 -46 39 62 10 85 13 -65 -10 -31 -10 -23 52 -64 91 -17 -43 -87 -42 10 62 -33 55 -9 2 -98 -26 -26 50 -28 -68 9 
14 -45 -19 9 1 -9 14 25 -82 6 68 82 -35 -31 37 -59 -39 63 75 67 26 -89 51 -85 -51 -93 -80 71 66 93 97 -74 99 61 53 13 -89 4 -42 51 -50 -5 37 59 96 73 -73 -10 45 30 -37 -34 75 3 54 59 80 51 -63 52 -71 -60 -72 18 -74 75 98 28 -13 -19 79 -85 -91 -8 1 18 9 -82 -55 38 -55 -3 12 68 30 23 27 -37 91 -57 -22 25 -54 -54 19 -7 39 -51 25 -35 
21 24 -46 -52 -43 44 22 10 52 7 85 99 73 19 41 49 96 -24 61 51 -63 -77 12 -37 95 -84 57 -75 47 52 44 52 76 -19 -81 -21 39 -93 91 -97 -17 34 50 -71 -41 -61 50 -20 -26 29 52 -91 -8 60 -60 63 34 56 83 89 -29 -90 -67 71 0 -35 -35 -90 -74 -46 46 -61 -71 -66 -41 17 -10 -23 24 -39 -16 0 -37 -96 74 29 -78 8 87 -88 -53 -59 -69 2 46 91 73 -90 12 -23 
53 -28 30 89 -9 1 50 -19 5 -30 68 -39 86 56 95 96 99 -10 29 -37 -8 72 18 -48 -23 -25 -82 -35 -9 20 49 12 -96 77 -81 -21 -3 -82 -73 -99 -62 -88 18 90 20 5 47 99 83 44 45 -94 83 -51 -7 49 5 80 19 -74 -34 40 -70 93 -68 -84 71 -13 -61 83 -24 -80 71 -89 -28 -30 16 -99 97 -53 70 45 97 -10 -60 16 71 -49 -47 25 -58 97 -16 -7 -24 -1 -54 1 -43 79 
98 12 95 67 -62 -36 17 -14 -32 36 20 31 48 -81 -28 -67 -44 -62 -86 -32 -34 -25 57 -13 38 35 6 27 -70 33 99 -49 21 -5 -33 -84 -26 4 -26 57 -20 6 78 19 -44 -50 43 38 -14 -88 -56 -37 90 -46 66 -16 -69 51 98 4 1 -46 22 47 82 70 -39 -79 -82 82 -95 35 -46 25 24 -14 6 89 91 87 39 -67 -97 -14 -77 5 -9 21 66 65 -65 85 -11 -6 -47 -92 10 23 -25 -79 
-68 -81 81 56 23 14 91 24 89 -23 35 1 -86 -89 86 -12 51 -29 -42 93 69 -81 24 56 -80 -92 -68 -91 57 89 5 -9 -9 -92 -49 1 -35 -80 -10 90 28 57 12 11 -84 -54 -77 11 94 -4 -92 -17 41 4 91 20 34 -8 -80 -30 -83 -99 -46 -78 84 57 39 -13 93 -87 28 18 38 34 -85 35 -69 -89 -18 21 -49 92 -7 -43 -58 74 -56 -68 -70 52 38 -95 -24 7 -14 -78 -99 -78 82 20 
59 -81 -87 -48 38 29 12 -31 -77 -54 -94 58 -79 -82 27 94 91 -40 -22 98 99 -48 17 -12 -27 18 -88 -7 -9 -36 -56 -31 69 -85 -26 14 -66 -52 -42 -55 -38 37 -35 74 -20 98 7 -15 -91 58 42 18 -31 35 -59 -45 62 56 56 7 77 -67 -24 -73 -14 -37 -93 -25 -91 -33 11 -35 -93 -12 4 -31 -11 -41 35 -85 60 20 10 45 -35 83 29 -97 10 -33 -80 -31 -92 96 30 -3 19 -45 -14 19 
92 96 -28 -70 -86 20 -83 98 -19 82 95 23 75 65 16 -20 -78 8 26 16 39 69 90 3 -14 0 72 -96 29 -48 -96 87 -2 85 32 -89 -4 62 74 53 77 -50 70 80 -18 -86 -41 -75 71 95 79 -67 21 -49 -38 46 -9 -90 -57 33 -42 39 70 10 -71 -16 12 -51 54 4 20 -3 2 -45 10 49 59 -33 -70 -38 19 -71 -41 -41 -47 27 -79 -55 -53 -33 -65 -74 -25 -13 88 -53 -86 -84 90 -36 
-2 42 49 -18 -47 92 33 -17 -2 45 19 -79 63 -24 -10 59 16 -74 -38 -64 -93 97 -71 38 -92 74 -66 3 -68 -66 94 36 -7 -58 26 -54 -66 10 -62 4 94 54 81 39 55 -2 -79 33 84 23 16 -12 53 30 89 60 35 8 -39 10 32 -87 -75 95 68 -93 70 33 -99 -82 91 -30 -20 96 -25 60 -15 25 32 10 44 -27 -57 -59 97 -47 54 32 -23 73 -46 -57 -24 -76 -53 70 -69 46 16 -39 
13 -94 45 -1 -35 -43 -6 -81 23 -14 -88 91 -11 -16 53 -3 -74 5 -63 35 2 51 91 -88 -34 88 59 -49 7 -36 -38 69 80 84 20 -53 -52 -67 -95 -25 57 11 2 -63 -7 -35 39 97 -20 57 63 21 -16 -79 95 97 56 -66 -71 11 98 72 2 3 -74 47 -3 13 -62 -28 86 -29 -97 26 -70 -99 3 -64 99 -97 -5 -96 -23 -8 -57 -19 46 -28 -75 45 26 35 -51 -76 -91 -44 -9 -37 23 -78 
15 23 -90 26 -38 -58 -20 79 40 10 30 39 86 -82 26 -93 58 -84 63 5 -89 23 26 2 -94 -30 -84 -61 98 -83 -79 78 -94 77 -79 10 95 -68 -39 -24 -50 80 22 38 25 -64 44 11 -79 -86 -55 -53 33 -68 47 61 14 83 28 -62 -82 1 9 12 64 -69 70 -66 19 33 63 -10 72 64 -54 94 35 43 -89 -41 21 -89 58 79 -13 83 -5 -38 1 -33 61 -64 61 40 -35 -49 20 -35 -29 49 
94 -55 -80 48 35 -94 34 -93 -95 -11 3 66 65 89 7 -49 40 -43 -89 -66 -4 -30 -32 -82 51 36 -99 -4 39 -65 -70 -3 -72 -45 -66 46 94 -56 3 48 25 -82 -53 -64 -74 -84 73 44 -42 -19 29 -58 6 95 86 65 -56 71 45 -32 95 -97 94 1 94 -28 44 35 91 -47 -69 -87 -22 65 73 61 -72 20 -44 -50 -67 -48 81 58 44 -43 -91 23 -72 -66 65 31 70 16 -34 14 -31 38 -93 -64 
-77 47 -60 47 -79 10 22 8 83 8 92 5 43 -56 -77 -4 -45 -30 69 91 12 87 -45 -14 26 -8 -8 -31 72 80 4 53 95 -12 37 -61 14 30 57 95 85 -94 49 63 -79 -79 77 90 -46 55 30 38 83 28 -42 0 -65 95 -35 54 -45 -9 66 76 77 26 -62 -36 -15 75 -17 -99 58 21 68 44 18 6 -45 -82 -82 86 -84 84 -80 88 -15 -4 58 -63 -50 39 -62 -76 -54 8 92 66 45 -67 
73 -16 32 34 -76 -87 -54 -35 58 -86 51 26 -14 -70 -26 -24 74 -38 37 -8 -80 -5 -10 46 2 58 91 -44 66 65 43 -65 60 91 -30 88 65 59 99 -52 77 16 48 -17 33 -98 -36 -55 44 2 49 67 -81 43 0 -30 33 30 -78 89 22 -49 68 -1 -95 28 8 69 97 86 64 -72 96 26 11 -95 36 98 99 -40 65 -38 60 -63 -50 34 -77 26 -94 -87 -59 -10 -85 -79 -89 -50 21 30 -91 24 
-64 -60 -86 9 -64 -37 -87 29 -76 19 34 -89 -93 89 14 -49 -18 50 2 74 -39 -43 -85 -14 -81 17 -49 63 -69 -20 -74 -93 67 98 -13 39 -38 77 69 -39 81 -24 -96 -54 -61 -49 15 51 -19 40 -97 -55 -80 -2 22 -72 -30 54 33 22 11 -22 76 -71 -88 5 63 -77 -47 2 49 -75 70 76 -20 -23 -44 -88 -15 58 -82 59 41 -67 -14 24 -35 61 52 -78 -89 70 53 -43 16 35 71 -63 64 -87 
-27 45 -62 -49 -55 -65 78 -45 87 -23 8 96 69 48 -84 -93 -60 -26 76 -4 42 -43 -46 13 27 87 8 99 70 11 -45 80 91 63 -2 -32 -57 58 40 52 79 -39 74 39 72 -51 -73 -79 -75 -96 3 50 -58 69 2 38 43 42 41 -60 87 42 61 20 51 -93 -85 -59 16 -22 -24 -94 -21 -62 53 -83 -73 -16 38 90 28 -21 23 -3 -30 74 -56 -76 36 -96 7 -65 -81 17 99 23 -60 10 -62 -35 
-5 52 -53 -62 12 86 87 -16 -2 82 -13 89 -53 34 -92 -62 -55 24 -95 -34 -9 -71 53 -98 -49 -9 -83 -67 74 -24 62 43 -69 -34 -77 0 71 47 -52 97 -28 -64 51 44 -25 88 -76 92 17 -6 33 -41 14 -36 1 -57 66 1 -25 66 -86 7 4 20 14 -44 44 -35 -23 53 -45 57 83 76 50 -24 -64 49 -40 43 44 75 10 42 21 13 -53 31 29 35 91 98 3 22 64 -97 34 56 3 -47 
-15 22 -4 -25 -58 51 -10 -49 -10 -98 86 88 51 -3 71 96 -52 -98 -73 62 -42 22 69 -72 -87 8 -59 67 -97 -22 38 52 -14 68 -3 53 65 -32 3 42 1 -26 27 76 40 -5 -90 -85 28 -88 46 60 -43 53 65 -13 -24 -67 25 -72 -80 65 13 -44 59 -37 -23 -9 -72 21 18 -6 -89 -30 11 -99 -4 -1 -90 5 -66 21 45 55 -64 -53 -90 -27 -72 98 -61 -9 -91 53 -18 21 -92 -5 68 3 
-98 72 22 -35 -30 -63 -30 -53 50 39 -95 25 -57 38 -47 8 74 -57 -65 66 -73 54 -24 -64 68 34 -59 -9 -91 -14 -89 14 -50 -65 14 36 49 29 83 75 90 -71 -41 -80 48 -40 -64 26 74 86 -38 61 90 -77 69 -64 21 83 -23 -15 -24 -10 46 -89 -20 77 -3 -21 55 -15 -29 9 -12 90 -49 74 -1 11 7 45 87 -12 -7 27 -64 3 6 90 -75 -31 -90 33 -49 -59 56 15 23 8 -13 70 
48 -99 -10 -47 87 77 -31 29 25 -56 -54 -8 -31 57 53 74 -98 74 -60 68 -35 -85 -62 89 28 9 -32 -61 2 14 30 -45 -71 76 -72 -9 -39 11 -41 -66 59 58 -67 46 32 99 33 -63 -53 39 -50 96 -45 25 -96 -13 -90 55 -95 59 80 -5 28 -38 36 -76 -71 18 -29 -68 -58 -51 -88 95 11 -53 24 -79 50 93 -71 74 -44 -55 -90 62 74 23 48 32 4 -83 -59 -72 94 -49 44 98 -31 -37 
-16 12 -56 10 -52 36 38 -84 -40 -10 -58 -41 -58 9 -98 -18 13 -28 18 -86 -87 -14 75 -27 94 -14 -7 28 -22 97 39 -36 89 54 -39 -68 96 -76 -99 89 73 51 -10 -77 15 19 26 -82 -97 68 -75 -61 -74 -87 12 19 -42 56 69 16 25 94 94 36 20 -91 -43 -24 -11 -37 56 40 6 -69 -60 -64 -2 71 35 -50 74 -41 20 86 -47 97 -41 71 -82 70 -44 30 6 82 55 -23 -82 -63 -89 70 
99 -97 -53 19 -11 78 -74 -64 57 -13 -45 -30 -45 40 -43 -45 -41 75 82 87 12 48 -80 -27 88 11 -20 27 95 -12 -85 -48 24 -63 46 3 99 -28 -16 10 -26 -79 -94 -49 -83 89 -37 23 -45 -43 48 -38 -42 84 -50 -82 85 -49 88 60 75 50 -96 -28 -14 80 54 76 -85 -6 -9 22 78 16 16 -17 -72 -35 5 69 -83 -94 -3 -12 -67 57 93 18 30 -72 -95 -15 78 -68 -70 39 -71 -43 -35 21 
12 99 -57 99 -37 93 -67 -48 -14 68 82 40 91 79 -28 14 -98 36 -69 -1 -89 -77 -65 -20 9 -34 11 -27 65 40 51 55 97 40 -94 42 -17 48 -18 85 88 97 69 -67 -84 -79 74 -90 -34 -29 4 11 70 83 85 -78 -40 -58 -20 79 79 -27 47 -88 -55 70 -34 -52 -51 25 -1 -70 79 29 -80 -66 -2 52 -62 -87 18 92 33 48 88 90 34 -9 -30 -13 49 -86 -99 -3 25 -16 -72 87 -6 4 
87 79 18 0 -56 -97 58 98 -21 43 13 -61 9 24 81 73 10 62 -93 -10 -68 -9 -82 -85 -91 65 90 88 70 -37 -99 25 -6 23 85 57 -3 -60 18 95 -57 92 1 4 73 94 -78 -18 4 8 -54 87 14 -21 78 -45 -34 -7 44 52 -72 61 64 22 13 78 -50 44 -3 47 -58 90 12 38 60 -5 -90 -33 -15 80 93 -57 88 54 68 -43 -49 36 36 56 71 50 44 -42 93 -22 67 33 -92 19 
-67 -66 2 -13 -10 -49 -21 -32 -54 54 44 -65 -42 -24 76 13 40 96 0 -7 -4 -70 44 -95 -39 31 -39 -20 85 78 -58 -32 20 63 58 -55 -50 71 -2 -75 33 -81 99 60 -13 -49 -49 94 -15 -49 99 -33 47 76 7 -68 -55 -5 -77 51 68 -67 54 52 35 27 64 48 10 56 3 -9 27 -90 -21 -60 -58 -78 -14 -96 -8 -10 31 49 -36 18 -45 77 -49 -6 -44 -74 74 77 -28 -73 -70 92 55 97 
46 -88 62 -61 30 93 57 62 -89 -77 -34 22 -35 -63 70 -75 -37 -16 -87 -29 13 21 -26 -66 49 78 -91 -62 -49 38 -58 57 -58 -12 -48 89 33 54 -71 -94 -20 73 80 -27 43 6 -35 -97 -27 9 -22 -50 11 30 -74 -89 76 -64 18 46 77 -45 76 62 78 -55 70 61 68 27 54 -19 -43 16 -4 70 -81 -98 81 83 -99 81 96 -72 24 -39 -9 26 16 -33 28 -98 90 53 -86 6 9 97 -28 -49 
85 -65 -98 -88 -2 38 -56 4 49 23 64 -4 -89 -16 -18 -58 28 39 -10 -4 97 -75 99 -46 -90 -24 75 53 -39 17 58 0 30 92 -42 33 -75 -63 1 -15 -34 -95 83 87 -96 15 88 -92 14 -12 17 83 13 71 -72 9 70 -66 -87 -2 77 33 54 -65 93 78 25 13 -50 13 -84 -20 -1 -38 59 26 27 -14 28 39 79 79 -69 59 66 -11 32 97 78 -39 -33 -69 76 -43 -7 82 98 88 14 48 
93 25 -83 -12 74 -75 97 38 -54 -63 85 -40 -56 -29 7 14 -35 -10 84 -43 77 -73 -73 98 -49 -81 -14 -26 68 93 86 21 -81 -29 -91 85 -83 -26 -18 -99 55 -62 -63 52 50 52 -27 -18 76 11 28 68 95 -71 -15 64 61 -78 -64 72 58 -3 -68 34 93 -86 40 6 5 74 77 63 49 44 -71 -61 -88 97 61 23 87 26 34 -23 83 -10 22 2 -56 -93 -95 45 60 -24 60 -98 -78 19 7 -1 
34 49 -73 -82 -45 -9 29 -3 73 61 3 44 52 82 16 -85 -71 21 -54 -96 14 -12 95 77 -61 46 -33 60 -65 12 -27 5 -49 34 -43 96 -69 -32 -75 -19 -23 -97 16 63 -41 -48 30 -96 -45 34 -10 35 82 -98 -80 -40 36 34 -84 82 92 -7 72 15 5 83 -94 99 49 -90 -69 -32 10 -13 -54 4 -37 -11 -20 68 -77 42 2 -53 -26 79 -49 -9 -19 56 13 59 -72 4 -96 19 45 -13 11 -46 
79 83 95 -11 -84 -84 61 -61 89 -24 18 54 -19 31 -98 43 18 -10 -9 -31 -71 -18 74 -87 82 64 88 74 -68 -14 44 2 -17 -79 -78 4 93 -57 -71 57 48 -97 33 -55 12 97 77 48 56 10 -53 -91 -13 -47 -77 -5 81 -80 -41 -52 -21 16 98 70 83 17 -4 35 -47 40 39 -78 99 -11 7 -76 62 -69 -67 -9 -78 96 57 57 2 18 -74 -85 -50 0 -73 -53 -13 -77 49 32 -21 83 28 64 
27 41 32 -27 -96 67 5 84 -80 -9 31 35 -25 -59 46 5 -27 49 60 75 75 44 53 -53 29 72 -54 13 -52 48 31 47 -70 64 54 -7 -11 -38 -92 64 11 57 46 -73 -75 -4 86 -53 -13 -38 -43 -31 93 -37 73 64 -76 40 -7 41 -44 80 93 -91 -33 -94 3 87 56 10 43 58 -78 -14 48 -7 -19 36 95 74 92 -16 -8 32 45 18 56 -44 -7 49 -46 41 11 -93 40 -95 -64 1 -3 -57 
-79 2 -29 -38 70 8 24 -14 -61 -69 3 -71 -70 -63 22 2 59 -48 22 -82 -67 -60 -35 -41 33 -14 -47 38 -54 99 57 12 23 42 -71 -80 -87 -28 -34 -79 -63 83 40 -88 72 57 -91 -38 76 76 6 -3 -16 78 54 -62 -6 -73 25 91 66 -92 -4 -18 -88 62 -25 31 24 -26 -5 -56 88 -41 -67 -20 68 13 5 30 83 81 70 -87 -46 36 -92 -28 12 -80 43 9 51 79 -71 -92 0 -28 32 31 
91 -5 20 -22 -49 9 -42 -7 22 56 -31 -87 98 46 -70 2 -24 -32 83 -12 53 -41 54 -59 71 -47 80 -65 82 -48 -67 -18 -41 82 90 -13 92 -7 -25 -98 34 48 -63 -70 31 -89 -2 21 -30 95 -61 2 -73 -90 -46 -11 -37 76 53 -76 -67 -28 -64 -59 -50 -65 53 47 83 -54 0 -55 34 20 -80 57 -28 1 -2 -69 -26 69 48 -59 -9 -34 42 -82 69 42 83 -74 62 -18 -42 17 34 -69 68 -97 
-83 60 -18 -40 81 98 3 -11 -72 57 15 8 80 59 -23 -36 48 84 -60 17 -76 47 99 -82 27 -65 -28 -41 -8 -6 -72 36 74 -44 55 -5 -24 71 8 83 -18 -22 -78 -30 -41 79 34 78 14 79 -72 3 -70 45 28 -28 78 11 32 45 -4 -5 -17 74 58 -42 40 5 13 90 79 36 -88 98 81 -83 -98 -68 91 34 9 11 48 -41 -79 -92 -11 -60 -13 12 72 34 67 -47 83 37 7 -98 6 -98 
96 36 46 2 -2 36 -49 81 67 42 -79 -13 39 64 28 -3 -26 72 -67 57 -27 -3 -50 -97 -7 78 -35 49 -11 -39 -40 -50 -41 84 18 42 48 13 -71 -22 86 0 84 94 72 -54 -40 -22 -65 -86 -62 87 -46 -89 17 30 86 -35 15 -47 -67 -64 -35 -26 -64 -88 -89 -20 -23 69 80 -92 56 96 -86 86 -37 -1 67 -3 -55 -95 -40 47 -5 -12 95 -54 -63 89 36 -9 26 90 91 80 3 76 -34 23 
-73 2 96 49 18 85 -48 -23 94 -24 -5 63 10 -35 -92 62 81 96 -65 -11 -47 99 35 70 87 -55 96 -33 89 -47 51 -74 96 78 52 91 87 12 47 -93 -10 -55 83 -8 65 77 57 -87 -84 36 -56 54 1 5 -32 73 -89 25 27 38 87 46 68 -28 -11 32 -2 7 -93 58 92 -95 54 27 -46 67 -33 -78 -45 -3 3 15 97 57 86 34 -36 -49 79 -89 30 31 -26 83 -56 33 6 -92 -83 -10 
14 -42 -72 37 12 -29 -34 97 -77 -15 -4 -52 79 -54 70 74 -46 -89 -99 -65 75 -25 36 68 -62 60 -18 -78 31 -43 50 -11 -34 20 -31 99 -62 59 43 -5 -38 82 -7 -36 17 4 13 38 88 20 -24 -28 -61 -39 -15 46 -76 -38 42 0 -83 45 -35 70 -83 -3 -47 26 -33 -50 10 -82 7 14 -7 -52 -44 -47 -44 32 61 24 -39 -45 45 -39 37 -42 96 -93 5 12 -48 91 -11 -37 -65 30 -60 -77 
19 -31 48 -21 8 -84 74 40 62 25 -79 85 11 76 50 14 57 -33 81 -46 38 3 78 -23 -92 72 -49 -13 -56 86 -63 -53 66 -1 -28 33 -61 65 88 21 37 51 -6 -41 -63 84 -97 -87 -21 -73 58 48 -79 -33 -46 -27 -29 55 -78 41 50 -57 97 41 54 87 -22 -44 58 90 -78 -31 -44 19 74 -38 -24 59 -70 79 -15 -35 97 0 6 -93 60 5 -47 -58 -67 71 -95 -66 3 74 -50 3 -74 -4 
3 1 -80 25 -49 -21 9 96 -71 39 14 -62 -74 82 -35 40 73 23 51 19 78 89 98 -52 26 -37 1 59 12 55 58 -27 21 -58 -20 11 52 67 -33 46 95 96 99 14 54 52 -76 50 29 -7 77 58 21 -65 48 -70 -4 -2 -12 62 96 85 -43 -39 -21 -22 90 59 16 43 -15 -20 -71 3 -93 -5 65 -29 18 -19 -27 23 59 98 10 -39 90 -82 -94 72 80 75 42 -53 84 56 7 -67 11 85 
-38 59 -52 50 -67 -86 17 10 16 -16 54 -2 88 -17 -48 98 18 -20 -8 -57 0 62 10 43 -20 30 37 28 -16 99 -48 -35 96 -2 15 23 -75 -49 84 10 -42 -90 -57 4 -10 -19 50 60 91 -64 83 89 -64 28 2 -54 -64 -12 28 76 89 93 41 28 70 -94 10 -68 -44 0 -81 -81 62 -22 88 69 37 -29 33 75 34 -71 46 4 -29 9 -75 -40 -42 21 98 89 67 -58 9 61 -59 -69 -4 43 
-97 -26 -11 -4 72 -73 -31 37 -5 61 88 98 -49 -37 70 45 5 -3 25 -54 6 -59 -57 79 44 66 -83 8 19 -55 -38 -73 24 11 -76 -41 -37 -64 74 24 18 41 60 -18 44 91 32 -41 81 21 6 69 -69 22 82 -84 -8 75 40 84 -6 -1 6 -28 10 7 18 -44 -19 -20 97 -81 3 19 -58 -99 -85 8 29 90 21 -56 -46 12 -3 -68 66 -36 -18 -61 46 -2 -91 92 -71 -5 36 -99 12 9 
-55 -76 91 -54 -50 73 -24 1 -60 58 -16 89 -51 35 59 -60 -21 -38 -6 -30 -62 -67 -26 41 -63 -17 -48 -41 -2 -60 -84 -97 59 80 -22 -29 -48 -42 -65 49 -66 11 64 -29 -8 -59 57 -62 63 -6 -43 23 57 6 -95 36 -68 0 -85 96 -39 71 19 -51 -57 48 -73 -91 -48 53 -84 19 87 96 -46 67 69 8 -98 8 41 99 42 -92 34 -48 73 18 -74 56 -34 46 19 26 -89 90 -88 16 -34 82 
11 -17 54 61 19 -80 44 31 17 -30 34 63 41 33 23 77 76 8 37 78 59 47 -27 86 -59 -55 -99 -46 33 -71 -58 -12 -1 72 11 -54 5 91 67 32 -81 19 64 40 95 -3 61 -95 -18 -62 16 -56 20 58 71 47 13 -81 -42 -14 -89 95 -79 30 -51 -95 31 35 -17 36 -89 -54 55 -79 -23 -34 61 -7 68 13 89 -82 7 -25 -38 76 -74 72 -64 -40 -98 -22 80 82 26 98 -32 75 -45 -57 
-87 61 -97 9 -81 -8 12 -86 -29 53 76 -61 94 10 67 -56 88 -85 -54 12 -70 72 42 -37 0 -50 59 63 37 95 -44 -10 -87 -60 -88 87 -85 18 -7 -65 -96 77 34 -94 82 -38 81 -65 -21 80 -16 65 20 -8 -31 93 -83 69 71 12 -35 -95 91 13 -38 -37 -9 11 86 -84 81 18 -6 53 53 -18 90 -94 -43 -15 -58 47 -86 -10 -79 86 -70 -62 -72 -7 46 -29 -35 7 -51 -89 -25 -59 58 98 
38 55 -57 39 -69 28 -47 -51 17 84 -98 -88 56 -69 -53 -76 8 88 -22 18 96 8 -67 -91 21 -53 15 56 -51 -9 89 73 50 37 93 23 -25 5 31 12 -88 46 60 -36 43 -31 3 50 -3 11 96 81 60 88 -73 72 76 75 -42 73 -17 32 24 -35 47 -20 -33 28 55 -45 -98 9 74 -30 -19 -92 49 47 68 -51 -71 48 37 70 -93 69 38 -12 -65 -80 -12 -3 4 -57 6 6 85 70 -17 -99 
6 -79 -5 -66 52 13 78 52 -42 18 92 -54 -94 -31 63 50 14 -5 -91 -72 -63 67 1 -67 -40 43 67 74 74 26 -84 -50 92 29 -60 56 -9 -6 94 -96 82 -93 -54 46 87 16 4 -35 -79 67 -31 -7 -66 93 -96 37 58 -29 -96 26 -23 23 85 -26 -43 85 -8 41 -8 77 -66 -91 11 -55 -69 -33 42 88 38 39 37 63 55 -45 -76 13 59 -72 -69 -55 -62 -92 12 56 18 -15 97 -31 46 38 
-20 -27 -18 -80 40 -31 -33 90 -33 -65 28 2 -87 -55 -13 -95 47 -96 -43 -65 31 -60 19 22 0 -1 -94 -88 68 -94 -51 -16 -18 -97 56 -3 20 -35 -64 19 -20 91 -99 59 62 -67 66 -95 13 -23 26 -14 36 -47 -50 77 -85 -14 44 -99 93 -71 -97 27 95 31 -10 -39 -9 -33 97 -91 31 46 -98 -41 -44 -11 65 -23 -49 -77 72 -39 -84 54 -39 -85 29 -79 -9 38 74 -77 31 -67 60 27 95 -6 
-53 -77 -76 48 -20 79 -38 39 86 17 -64 80 -96 -65 28 76 -58 -4 30 48 -51 -87 14 1 3 54 46 -21 80 79 5 11 81 -85 26 87 57 -45 -26 -53 25 -21 -60 -68 -43 51 -12 -83 -45 -19 8 67 54 58 -19 -84 22 -30 31 -82 -94 -96 -71 -85 -86 -39 59 44 -64 -95 -6 -72 -72 26 -29 -25 -87 27 70 -18 25 -10 -31 -13 -86 -79 22 20 -34 63 8 -84 -52 -10 5 84 57 63 35 -97 
-69 76 -44 -82 -25 41 -71 -65 45 75 -6 28 12 81 -23 -26 -2 50 -36 -56 71 -65 -92 -75 -57 -11 23 96 82 63 -36 -1 -7 31 -83 -56 60 84 -19 -18 -63 -25 -17 -78 4 56 -77 -88 73 70 -27 83 -81 33 65 -80 69 0 78 -54 97 -17 16 -31 -28 87 -40 54 5 -31 43 -40 -11 -13 -24 39 -38 91 31 -86 -88 -11 23 55 -80 56 -94 -78 18 -43 71 -1 -47 -11 -87 22 90 91 -1 -89 
-96 -34 39 88 80 69 13 -12 -29 25 96 83 -54 81 -16 -67 69 -85 -23 87 82 15 -86 -58 53 -23 -87 58 67 -15 76 -39 -12 67 -68 -27 85 32 -64 37 -81 62 -15 19 18 -97 -38 -70 -13 75 -82 -82 -78 -84 98 88 73 -63 21 8 -76 91 -64 26 76 84 -26 -58 72 -9 71 24 81 -60 -10 -14 80 2 -97 -22 -36 -92 -85 67 68 95 -57 79 11 79 -52 -59 50 54 91 67 38 -60 -24 -53 
-38 88 -89 -66 58 40 -23 89 55 -58 79 -61 87 99 -74 -26 -70 -76 71 -70 -46 81 -51 50 29 73 40 7 -67 77 22 56 -15 -13 -36 69 -97 -9 39 20 95 62 -76 43 41 -84 78 -12 -46 -6 8 26 -90 25 -79 47 -53 6 76 -75 -21 -58 -59 -65 -18 32 9 72 59 -48 -55 -95 -10 37 90 -21 -41 29 -3 -52 55 50 -83 79 -95 68 -27 -88 5 8 94 86 3 -48 65 -18 -44 -90 -83 -3 
35 -34 -35 -63 -61 -98 -99 -63 -33 -15 24 -38 -17 -13 -20 -40 -52 40 -40 -10 -43 -91 -89 -47 -61 10 45 -3 68 -1 -87 27 -40 -94 -33 19 -30 10 16 58 46 -70 14 61 94 11 32 38 -97 -31 -64 8 96 -34 48 -20 -6 -23 -71 85 -39 -20 -93 45 -82 92 -89 -65 -25 -54 63 92 -52 -95 44 -84 90 -50 41 40 -79 38 -16 13 -52 -32 32 65 -82 -10 -48 24 -32 32 -95 -93 75 51 57 62 
51 -77 -32 -15 42 -72 -76 88 -51 69 36 96 -8 -94 79 64 -33 -31 -84 89 -74 12 -24 20 -80 59 73 -23 82 65 -5 -46 43 -57 79 -3 -17 -41 24 17 -50 57 -24 -89 -25 -49 57 -13 7 -93 -11 41 -51 -40 7 66 -71 25 -96 38 -57 -7 66 -23 -3 87 -16 9 -89 29 -4 69 26 96 48 99 -86 94 59 -16 73 -97 91 87 14 14 93 -67 92 71 -47 83 3 88 60 -93 58 -12 -30 14 
26 56 -90 -87 66 90 16 -25 -84 16 40 21 -63 36 24 -71 51 73 39 35 6 77 88 18 24 -43 16 77 24 -22 49 34 -39 -41 -73 -74 26 -66 -36 -93 59 -12 6 77 55 1 87 40 -67 87 81 25 -61 -66 -13 7 -61 -42 93 18 70 -47 66 -78 85 -80 60 26 1 9 59 0 10 -35 -39 -57 78 20 38 -45 47 20 -14 -22 97 49 39 34 -35 -75 -25 60 33 -82 45 21 32 27 97 4 
40 -72 -93 -84 -78 -68 -77 -64 15 -79 41 91 -12 94 -16 92 11 -71 19 99 -25 -40 99 76 -11 7 62 -93 77 52 -46 -15 -71 81 -51 50 44 40 96 -39 63 -94 -46 54 29 91 23 -47 2 32 -7 1 -14 78 -61 -24 6 52 73 -57 25 78 57 15 41 10 76 19 96 19 61 85 -17 91 77 -30 -90 -6 63 -53 -68 -87 -67 -72 -54 61 -96 8 -78 99 -22 -60 -43 13 36 -40 -97 -51 24 93 
