29611 11815 -13991 31563 -4896 -14431 14952 -27180 -37461 -18515 -7139 37721 -12218 -7495 27632 21894 -61680 -27414 -36716 16362 3161 13918 -5829 -10311 -20024 38744 33358 -22478 -29590 34426 10410 -17797 -630 -17520 16347 29689 18777 -6120 -4073 30802 -13501 23019 4733 -36084 8254 -33342 -2438 -48425 33921 -21509 
44666 9338 29400 -7059 16653 15793 -19860 -837 -42273 -14402 -10164 -17323 19296 -38444 -947 2344 -6012 -15174 -11616 21059 27803 -35603 -6353 -12610 -7160 8670 32770 14454 11826 -25846 -31977 -15182 29992 -28562 -21848 34417 3540 -29252 12122 13667 10152 -34158 50438 23858 -30634 -23131 -21665 11013 12618 -6687 
-4627 7745 1308 -15596 -5507 -11905 -6058 -45076 -513 14655 3300 2298 8085 -20377 4290 -34286 62237 -8625 39939 17094 -3832 7396 3322 -32736 -37746 -39985 -15051 -4956 -17729 17511 -31250 7702 -11793 11961 -38951 -3919 -18611 -2282 -20616 4418 15813 -23316 -15658 -5517 9974 15592 4346 -25939 -49590 19426 
20498 -24139 -4293 -30312 55523 7004 -21673 -4200 -33043 -36591 34193 44901 29053 7651 -6619 2252 60777 -26310 -20767 20890 -2595 45934 -17864 -6789 -39240 365 -20838 42812 16823 26 -15405 -10647 -36197 71946 -25741 -61837 -30601 -15917 -31779 24359 35099 -18268 22452 26944 -33631 -6954 -20229 -1989 13130 7246 
-6284 5793 -11695 -17845 41522 5373 -46653 27879 -21189 -18985 -7685 -41295 11740 11639 12671 6656 50014 -17273 -28107 -12384 21150 -29266 16859 -16989 -756 -25251 -33954 -15441 -5276 -21991 -48382 -33830 -18587 33267 -18185 -38529 20262 -19017 12971 -6688 -2111 -31116 5896 33234 4385 -9767 -3278 55 4471 4680 
17488 5118 121 19493 23393 31214 -6347 22921 -24166 -35444 -11794 -6695 -2978 21647 18185 -23440 32764 30536 -45 -3841 -13739 -24681 -5014 -2348 21615 -47850 22622 26149 37322 -36262 -33074 -4672 -43031 22653 16408 -29198 -16271 -40351 -21102 24139 -32990 -3349 38319 -7328 -6498 63031 4689 -11830 9407 -15038 
3229 -8449 54290 2671 6249 -35248 16543 8207 52770 34175 -3209 1569 14720 -13472 11430 8972 25785 -6046 -31273 20629 22871 -41477 7680 -21914 -4838 -35392 -46185 16335 -12343 9682 -17692 14249 35471 16829 -13422 1947 -4308 715 -8140 18431 6219 1191 -42040 5132 19049 -19809 3456 39249 -20017 -20133 
-15802 -30146 28743 4390 21281 10035 20158 3573 -8566 54819 -3688 -5284 -14610 -24299 8858 -36259 15657 12890 27925 -8362 -20826 11053 -33748 10603 3640 12017 -13550 366 -30631 29070 32195 10255 -11813 24268 -29150 17410 -40816 32971 -41190 33129 2915 -24594 2207 16855 -39190 54125 11929 3247 -33594 35836 
-57865 -4710 -50611 -13878 39129 31999 24307 53313 13584 14761 34316 -7424 30579 -12989 24763 -3486 37701 37641 -3901 -331 -21001 22510 -3712 10694 29163 -17734 -35843 -3067 18766 24835 -16024 23039 -12680 29186 -12036 -20152 -17764 -6361 51610 -6874 -24521 36080 -30398 7018 10601 -15159 8824 -14351 10348 4097 
11894 41307 -35501 38657 -4838 14396 886 14884 -6968 -13463 -31273 36524 -6480 -4004 -3102 16929 -24246 -35506 5529 29349 45672 45120 27486 10320 -10384 52462 4775 30958 -26135 -35362 30407 -19757 14289 -18807 -9748 -42407 36950 -14166 19668 -29266 2326 -13433 3433 -5840 32165 -23197 24981 13202 23249 19725 
-18956 5831 -28786 25381 3259 3611 -43326 15213 -2641 7048 -16268 16801 -4068 20764 4642 -15158 -9638 -2247 -8058 22681 -50361 12778 -14908 -13372 29940 401 -16286 4809 26606 13993 -40264 -15805 -28300 36227 -13903 -4014 28799 21171 5784 -39929 22247 32328 -23100 -6151 57536 -44477 -34295 -64 27605 -24560 
-13156 45812 27894 13726 -25698 11176 23176 3224 8357 7464 -2877 -23834 19892 20193 21392 12810 17871 8518 -24345 47966 -34652 -33553 3473 -17901 593 14902 6625 -14177 29462 14943 10264 -2548 -10581 -25466 527 2704 -14511 9589 -5311 -12924 -29774 -11563 16400 -10315 -10483 6610 -14345 -85 -17914 -13694 
18399 24116 44154 -9678 -19473 1603 39923 -47242 28558 -326 -34137 -10729 -31300 -19888 45876 21915 8738 5762 23507 18951 -10568 -5957 -1380 -40174 31278 -7744 42187 -5947 29038 41759 -21857 31684 -16124 -11858 -16591 55466 -22103 2398 69 -318 -26733 -8525 12220 -46970 -10998 52878 11860 -16461 -40230 -7223 
1108 -5627 -3484 13732 18164 -9621 -60565 59413 -32126 -28382 13133 -48643 8590 30482 10616 -1550 25469 58011 3378 30604 -36371 -3725 10348 -40856 12966 -42468 18896 -33952 51839 1188 -3161 -42744 -33431 9186 15170 -6190 -18630 -29438 13980 48394 -948 2397 28316 24218 -17296 -9077 -13753 -21572 28657 -15576 
-28405 -10123 -24425 42507 -20752 5493 -7116 -37681 -6657 27370 -7225 -19834 3537 -5904 2528 16041 -16127 -4123 -13605 4523 14537 16115 14556 -9749 -9667 16246 -32433 -17649 9483 -8469 -5243 7809 7651 14444 -9554 -37502 10096 411 9013 -8294 -6621 48683 -38516 13388 -30554 -38004 -20420 -4623 -6947 8583 
-3494 13991 -25110 -31020 -12820 -32379 5765 28540 14123 -19901 7675 10016 38453 36358 -35587 1902 9630 -17480 6771 18802 63475 52314 18511 19432 -2111 -9490 -48461 25912 -2874 -29956 23918 5660 16460 27163 20501 -30861 -3024 -18250 21925 12791 12043 -10034 -2840 14995 -32833 -7479 13499 41538 27906 7883 
-18212 8723 -14182 42987 19585 -6767 18895 8329 22148 27137 42088 -12154 -34579 -28835 54019 -38983 -12989 47033 32615 -19878 13681 563 2505 49027 19673 -13853 12962 -17154 -25856 13283 16315 33229 488 2252 -34164 30016 23624 -15092 -4 50620 96 15597 -14704 -46477 42810 7636 15082 3223 -14469 9944 
10171 28844 27766 -4274 30608 -5521 -44820 1287 8705 -1953 6458 -21971 -7883 -2316 23685 3011 15323 12005 7014 -222 2094 -13304 11762 -9073 -5985 31395 -31944 -8852 -28184 10721 -1184 -11356 -8884 19382 -42176 8707 21148 17083 1926 -793 -10956 -6968 -29874 -9461 11703 -28722 -19724 -1361 16358 33614 
-7464 7416 52514 -30058 -31590 -30051 4837 -22359 27685 -31734 -28421 -12359 -45087 13894 -1721 3143 12583 14627 21345 39350 8234 34810 22696 8247 21624 27741 12353 21027 54594 -4589 -1194 -50647 8435 -77931 -27030 35151 -17017 -34681 -19587 17926 -27205 -33390 -29984 -47128 3056 9077 43158 32009 -2496 10871 
9568 179 2249 -20834 11294 249 -27309 -13888 -465 -10919 4242 -66095 26810 -7803 29204 32141 -4611 -28853 -16445 -5863 15151 -45422 -24257 -6863 -22147 -26906 8435 -21621 -7009 -6777 -25207 24904 -510 1367 26427 -5988 2487 25256 18167 -34525 -55337 26512 -12552 -2822 29940 -22661 -8809 -5648 -16481 -7201 
4852 18666 -17849 -32540 13560 50100 14529 -14500 221 -20867 -5829 8763 23066 -7643 -11639 35462 7931 4284 -35556 553 31852 -11889 2433 -2810 -10994 -17060 16970 15954 -4134 -17460 -1133 -1097 -10446 -15892 6028 -22484 1459 5824 -33133 -5342 -1446 -24027 15250 27820 -19572 11772 448 -9982 -11127 5506 
13482 8694 6646 -8614 15731 28358 -643 14895 -13387 -7433 25498 34082 35543 23499 2415 11234 8608 14831 -25763 -8132 -22162 1866 9022 -21800 -3005 -3214 15173 -5353 -37714 1548 13626 4437 13475 7137 39002 -28340 -19247 14512 -13131 -26555 5475 -15444 15845 37669 -13331 -10021 225 -14319 -6708 -26314 
10850 34163 -37366 21525 13514 22537 -24332 40969 -32624 8768 35381 38010 11298 -2320 -4618 -6234 -3991 -3500 -12121 -19360 -26921 -20770 54405 33036 1410 -8446 -16775 -12019 -2008 -51463 -417 22478 -11905 23751 29832 -21773 16667 23187 15621 2226 21379 27341 3711 48046 -5013 -28135 -15118 -29962 31159 -27272 
1576 -35593 -18898 -24607 -25831 3548 19123 6469 14817 -2055 -36154 1838 16057 -2636 -38157 6453 -25436 58 -25578 10405 15503 -10442 -7021 14199 30550 5312 2254 -16523 -18208 177 5986 28475 -18690 -11879 23751 4824 -15286 -21238 22159 -27556 30140 -18967 7588 6840 -27446 58704 -50747 -34326 8266 378 
-30101 14771 -13216 1839 814 -17359 -6075 41190 17865 1362 -2947 -36330 5675 25402 38519 -5011 -1066 -12846 10394 -31900 26278 15965 13891 23100 30747 -8583 -13526 11395 -51659 -33538 27826 48929 -12320 5987 10455 -9668 -7969 5913 7282 -28695 5168 15169 5019 -808 -17912 -30992 4411 3340 2116 -25088 
-25799 20510 -54762 -33113 4888 47699 15185 -24174 -2519 22824 14818 23115 37973 -7387 15696 -21837 9870 -1066 -10927 -5920 -12169 14347 3194 4603 -37043 -24262 -5674 6433 22696 13138 -35076 26093 11892 11638 11455 -52283 1973 -6944 78 -45256 11799 -7863 21091 22110 -5496 1195 22584 -21939 -46805 -903 
1404 12033 -50611 -34030 2464 17380 -16484 -16125 -33113 5661 -8332 1569 -34866 22768 -50848 3646 55811 -37220 44731 -26382 20549 12689 1543 4641 -48942 -23585 -33090 -7123 25013 -8949 -45339 -33470 -16520 22294 15266 15898 12055 12636 -30874 -15421 6445 -22377 -9081 -10607 -30866 15157 33351 -20761 -11330 36308 
22014 26968 -20704 26149 30801 36403 18808 11706 -55543 -14126 16912 16709 12261 -16846 40807 14402 -10761 -41296 -8851 -15144 16198 42440 2512 23951 -13602 -2032 64923 1095 -30117 -51553 8603 9338 11974 -15208 16090 -37117 -37008 -28693 8069 5205 -3504 -6195 45022 33807 10583 7550 25890 -2178 -7205 -18931 
14803 10278 42937 -15925 -542 -56132 -15656 22652 25582 -15268 24275 -6729 4037 34749 -40532 1027 21253 7939 6365 20481 -10544 5044 12247 7505 9772 6447 -12608 10842 -8364 -30168 6759 -6583 -10838 23543 19499 6443 -7456 11880 -9552 33751 22814 -24898 -8756 17716 17011 -20311 -15274 7166 37772 -21353 
-17119 -28825 5813 14456 -11680 -22490 26379 -41772 -31921 37469 -25805 4201 46073 -22850 -2616 -30029 -15865 -9894 -15262 3270 -37770 -49351 -13788 -514 -51841 8297 -20703 -12763 10466 26673 -31332 -22021 -25765 8244 -9890 -18535 -5889 -20037 -18071 25756 -15596 -5639 -33999 2200 -25146 6942 -2628 -3045 -33722 2242 
9898 17571 -27099 10339 20980 -10002 -49372 53384 -5409 9038 -25412 34810 -2658 17055 -3380 25655 -34864 17627 -20197 34665 -27038 64513 25770 16342 33046 37114 177 22194 -11797 -23101 -12832 -31793 -13135 -1243 22666 -11476 34723 25792 -8570 13812 23551 14213 8884 21134 13619 -30438 560 -3747 36429 15632 
38664 679 13140 47059 21215 631 -28112 -8143 -14622 11807 31768 24493 -17371 -30295 7888 284 17369 36098 15386 -3097 -28668 -42759 39333 -38183 -10477 12843 37710 -36012 44693 -9265 -13306 -15852 -8239 6162 -33755 -34256 -3586 -33348 26648 7666 14026 -2043 -24992 16400 49972 -23302 -20818 25153 20647 -12514 
-34850 4783 -33868 30175 -24085 24223 2419 -42220 -18851 39244 -1792 7047 -20128 -3236 -40833 -5829 12292 -25082 5296 -36889 -17371 9990 -28390 -31753 -44894 34224 -46965 -9639 -6048 28583 -3853 -16629 1177 -8716 -27944 1374 13476 21738 -25566 8518 -4395 14702 5616 12483 -19929 -104 38305 -18891 -12243 48105 
9218 18426 -31960 -13205 9512 -20362 -30101 21817 15098 -18149 7331 -2109 27858 17816 31504 19416 34079 -17992 28063 14300 1023 -39848 -4518 -1722 10003 -58329 -28367 -47945 -3714 15509 26637 13157 -71594 24121 -44464 10746 12931 20822 -32415 29773 60172 -23925 -32716 -38782 19812 8186 -34247 17355 -945 14982 
4332 -4187 -33844 -32354 10316 1567 -38299 -7883 -12653 -42905 22619 11690 15062 50393 -6226 -15317 8254 55496 14509 -35367 -66217 -13117 -4799 9797 18105 -28958 22599 9879 21553 -27633 -12317 3370 -44654 -20407 7834 -959 12023 11089 -26419 -1220 19528 6679 39760 -30180 16393 23931 -14159 -12825 24374 -2485 
15722 20171 -28160 11401 -19396 22936 15604 15088 -22308 -6762 -22506 21509 11521 21496 -11428 4023 -15843 -17574 -9931 -36837 13302 -11862 30698 17681 -28165 1684 27268 -2956 3013 -24928 -24453 -43196 -5341 -44070 14872 2097 25352 -40059 -25400 -19369 -9163 -22527 7322 -4278 -21255 12301 10453 10134 -17617 -23924 
-14158 35793 25554 17668 -868 -22679 26548 -6695 9173 -6198 -46971 14043 -14903 -1478 59884 18342 -21254 -40570 -47008 35787 45743 24725 -4975 18104 29887 33032 10667 10661 4255 -15537 -1034 -8786 -1246 -32120 -43895 9341 1482 -9050 -14643 10073 17892 -30788 -50168 -30049 23439 31297 19181 13962 -8963 -12218 
30077 6419 16834 -14610 -27099 11754 -5738 -29012 -5537 -26065 -11138 14753 2482 9820 -13596 3115 28726 17663 42931 39917 -6266 32217 -1423 -3872 24503 -220 37884 -8009 42066 20175 -1780 -7504 -30248 -33675 4872 27803 46 -15382 -18263 56 -357 -52327 7668 -35751 -9920 50122 16609 3889 -30292 33175 
10330 -15187 -17386 8771 19920 22593 -2565 -5013 -8204 -23411 27221 -3050 33905 -67166 23360 232 3916 -15866 18576 57322 11385 31017 2144 -8557 -2232 10951 22276 27458 23737 -7182 -18347 5828 -7202 11273 -48935 7214 -4394 -814 16040 20866 29634 -7562 -4864 8478 -1784 -26907 -10077 -1701 -513 -8161 
18386 36627 -8975 29689 2182 -19355 -15049 6677 -11743 17702 -13578 38803 10072 -4269 -17664 690 13886 -38708 3233 22619 31155 -4001 -25803 -5724 10103 37705 -23038 -15566 10255 12072 -9150 -2015 13042 -21179 -10575 13735 14875 -10027 16826 -16879 39571 -30758 -26861 -44625 48330 13408 1566 -15351 -9907 48937 
-25592 26133 -28237 4832 -17528 -12767 19490 31902 23546 6905 3723 -32547 3909 46600 28434 -12012 3975 -11281 1540 15911 23066 2897 3113 29948 7550 -19247 -20167 -49399 18222 -4498 26362 10338 -8315 -14308 9375 -11255 -2876 -16351 1420 14301 -32138 -13052 -42430 -20261 20335 36847 27642 -471 -1443 -7102 
-11336 -8315 -18375 11425 998 -15009 -28251 -3071 -5993 -31933 -25234 -13252 -499 23508 35171 14375 6604 -31984 24431 -18779 17105 1700 -6768 -6657 -2742 -28105 -428 7168 -43370 11779 4787 -2010 -35327 33568 18482 -33895 6522 27406 -39898 11186 -36652 12895 -34432 -45728 19780 -17175 13458 3028 -9313 13874 
-724 -5352 38979 -12900 -1958 21884 33810 -20235 -13822 -2010 -2024 19644 34961 -7337 3045 -2691 -421 -57504 37502 -5603 1876 -6692 -25631 12927 -9055 8069 21734 -7498 3957 34617 12712 7921 -20216 -12628 -16653 2229 -19219 16293 -12291 5648 -28602 10748 -32622 16565 -1144 9592 -4394 -16315 399 1654 
-27924 -25025 12198 -8229 -20637 -9398 -17946 14823 -22733 22786 -45028 -31121 -35159 -6163 38106 -14171 -27448 5083 -5085 1423 -6579 -3271 8825 -27415 22050 9806 15524 -22322 23148 852 -32886 -8199 17317 -43111 -25007 31381 10890 17209 32293 14372 -32998 -14071 -33773 27302 67 59339 58819 -38595 15671 -46086 
24697 -13968 9675 18678 10344 -29568 -9776 -4409 30912 12799 -4997 14189 -20378 3385 -15395 36595 20382 13081 -22019 -726 35587 28247 36909 5139 -4212 -347 -16453 25889 -23900 -16628 -57681 -10094 -5392 7243 30957 32178 1902 -17900 -29144 -3414 27105 -5456 2763 -34330 -18377 15764 -23464 -9129 -13897 5594 
1587 -13770 11597 9665 25539 21904 32979 -7490 -1082 4682 -25037 -14522 22552 -25988 3056 -8951 -15124 17416 -23628 6435 -3192 -46522 -33277 5562 -5203 20764 2791 5585 -13949 -28488 16816 -9052 -35345 -3109 -11803 -7568 -19628 -3370 -10604 12027 -15044 9103 -28972 10534 -9292 34141 -18217 -9341 5466 27134 
17882 -6630 3467 16863 -24490 -24718 -5267 13234 -13073 3663 -18448 74694 -28202 39305 -35901 11678 1239 14857 -5404 9040 25014 60407 42284 -419 -1946 4900 4036 4848 -622 -21331 57199 16963 4571 -16176 54213 -45278 -15670 -12498 -5951 3710 1932 -10931 -22519 12416 -8637 -4360 25231 1883 26527 -28841 
19682 -617 -11572 -28572 -6230 2178 -5123 47923 -31745 -38912 -12952 7785 -83 -8165 -11652 11848 -15842 -11644 25409 -10051 -2320 5499 -13028 2213 20245 12902 18360 1318 -26150 10945 20575 -22919 -12744 23724 12881 552 6394 6114 7554 12244 -15847 -29369 26030 12416 -23891 22106 9875 -3726 10270 -6776 
-1864 23947 6162 41888 -12757 -12829 4051 -30838 -22382 -20892 18660 32439 -34983 17799 -1926 5980 36900 4403 8006 -20346 -9997 15632 -6776 -35891 -18549 16661 27809 23159 -7062 -3761 10554 -16646 14426 -39135 -24875 -2735 -36918 -4450 -11886 3428 -29084 925 11645 -33067 26091 24826 27017 -5018 -7110 1199 
-27870 6797 7682 11148 -2447 -14868 -3806 -10125 13908 42167 -13129 -45404 8269 17197 -42873 11465 10148 -14214 17630 5347 -28603 -13484 -25094 7331 -24066 -6414 -70070 -937 21579 -6232 420 -7305 2997 17036 -6878 7438 -6737 38631 -6042 -6469 -2240 30465 -19377 12324 -14748 11086 -11306 6631 -9358 46604 
