-17 -21 -76 91 39 80 45 -25 -35 52 -4 91 73 -87 -43 19 79 96 18 -51 -59 -17 44 -89 -72 -81 64 40 -8 20 28 29 -49 26 -59 -97 -95 -71 -5 35 76 24 -45 78 -41 -79 -58 -63 -80 6 -45 30 87 -39 -2 16 92 92 88 63 -85 23 -90 40 25 80 -91 9 -41 67 2 94 67 58 58 72 -58 -46 -89 9 96 -21 54 69 76 25 -44 18 -1 -38 67 -19 -87 80 -91 5 10 7 70 -13 
2 31 -97 19 -32 -29 -97 -12 -84 -46 76 -34 -11 53 -95 12 43 79 81 42 -20 -87 -81 -62 13 -83 -83 -93 71 37 17 7 8 81 36 55 -17 -2 22 9 83 6 87 -59 -99 57 -93 -62 8 71 -17 -29 47 52 30 17 -5 -1 -18 -66 60 23 -52 65 84 -51 73 64 -2 -6 22 -63 -57 -79 43 -33 -49 -87 74 59 98 -6 -32 37 -54 -93 19 -60 8 80 -1 52 -95 -94 67 72 69 -69 39 23 
-79 63 -44 81 -45 -37 80 65 75 68 83 75 -43 28 -74 -35 19 51 -63 -92 -62 -35 76 57 -5 0 -96 20 26 -55 -58 81 70 15 65 9 9 -58 74 75 -65 57 52 93 -35 11 55 54 31 -40 19 -60 -16 43 -98 -88 -72 -56 -5 -20 -54 84 21 6 -33 -80 -88 27 63 84 -27 92 32 -81 -14 80 59 42 32 64 -70 -65 3 -27 81 -65 38 -84 -14 73 60 80 72 -71 13 -29 1 -76 70 85 
9 -6 -98 -24 51 80 -47 -7 -93 13 -19 81 0 94 -51 73 -10 -19 -50 -11 -8 -8 -57 -22 -59 -78 46 7 -54 15 -28 40 44 33 97 -45 36 30 48 -76 52 87 32 -1 74 -71 0 62 72 38 -12 21 95 60 -49 11 71 -85 -55 -10 26 81 -73 17 -10 -24 33 -65 0 43 -21 32 -26 64 -73 71 34 -26 68 93 88 -55 -28 -30 -47 -21 -36 -72 -53 -29 -59 -4 -36 -71 18 -36 -14 75 -56 13 
-49 -85 -99 -16 -8 -25 12 7 -38 -19 -27 63 -64 -48 -72 -22 -43 -94 64 22 -60 82 -99 44 -76 -21 -91 20 75 33 -42 -79 -77 83 -22 20 91 59 -89 85 27 35 9 21 -71 38 84 3 -11 11 -53 25 80 69 -11 -11 -29 -93 21 34 -96 -52 60 88 88 -66 -77 -33 -68 -24 -92 -91 -42 -43 79 82 -74 17 -29 24 -63 -93 81 -32 -79 14 66 52 -88 -19 -42 -55 -15 -23 45 -22 -22 19 -8 21 
-12 -82 84 -6 -79 -73 -7 -73 96 10 50 -35 -81 -72 -67 -63 84 -41 -37 22 71 53 -68 18 -6 -19 -99 -38 -4 -43 42 86 -11 4 82 52 -94 58 -52 -87 14 71 -61 -15 -25 23 -77 -28 -81 30 -95 -89 -96 12 -43 42 71 -14 27 10 57 -82 31 -93 61 49 -76 -37 73 -60 -88 -89 -68 45 -46 39 27 -99 -21 94 69 85 -8 20 -50 -16 -61 76 82 -38 -84 75 -69 -77 10 71 -43 21 -77 46 
-88 21 16 -30 3 -85 -46 67 -30 -34 -65 -23 9 48 -97 63 73 -97 93 -36 37 19 2 91 36 -67 -92 45 14 -62 -64 -41 34 4 36 -90 -91 -24 49 10 -83 14 -78 -35 66 48 25 57 -34 93 29 47 36 -82 17 96 11 -71 7 91 75 44 -46 39 -79 -49 97 32 64 -56 -80 19 -33 -73 -90 11 15 -84 64 98 -56 -83 93 76 6 -80 -7 -5 -21 -94 42 -82 43 65 88 54 39 -7 -76 73 
-53 -86 91 -31 -4 98 57 -63 -52 76 71 -46 52 -79 75 -89 -45 -13 -83 34 -21 6 -71 65 -45 71 -16 48 43 -9 47 97 36 15 6 -81 -51 62 -87 75 -4 6 66 72 -71 48 75 -4 12 -33 -81 10 -55 -39 -62 24 18 -61 17 63 -99 -58 37 -63 -90 -70 -23 -7 -10 13 91 23 2 17 -77 68 -94 96 -51 -71 -6 -10 1 -12 -34 -36 72 39 -32 -78 74 -36 -94 22 -51 21 18 -87 -77 76 
-37 17 -11 98 30 35 9 -39 -87 39 -3 -31 -85 -65 86 9 -15 -96 41 -97 78 65 -16 8 -71 17 63 1 -48 -38 -57 40 55 -22 -17 -19 -32 -9 41 -27 -89 82 67 84 -56 34 66 -41 1 1 -43 57 -2 48 30 -9 34 -75 39 -5 89 2 91 1 -59 69 29 -32 41 74 -45 76 -55 49 5 68 -75 12 15 -76 13 37 15 71 52 -72 21 87 76 -79 -69 79 -82 61 45 -81 -15 -49 -66 92 
-16 -82 45 54 52 -40 -65 -57 87 -80 75 -92 -58 26 30 35 -27 97 -45 -95 -75 -43 -81 45 75 -84 45 64 -14 -77 25 78 -68 86 40 -52 2 33 -81 -18 26 97 46 -55 88 -56 -76 40 -76 -44 17 3 84 -38 -10 -47 93 43 80 91 -27 67 -61 -50 -39 -92 43 96 78 -2 -22 -30 0 65 52 -42 -11 -77 53 92 62 91 -99 -7 -68 52 -33 -95 34 58 59 -36 -93 -78 79 52 -37 21 56 -5 
51 66 -4 26 -20 -59 68 -93 49 73 -91 89 26 -16 -4 83 -43 -98 -89 -7 -12 -53 61 -91 15 7 -78 -22 -61 32 51 37 -10 53 -31 -93 -83 52 -47 68 36 13 27 90 -92 54 -31 18 -44 45 96 75 27 66 -45 -63 1 -74 71 72 15 -1 -43 -55 12 27 40 -98 99 36 56 -17 50 -71 -30 30 -84 -70 -94 95 23 31 18 65 -39 82 29 -2 -28 76 96 -16 -33 -94 59 -76 -29 -28 -15 90 
45 -41 1 92 -68 -26 -82 62 -50 93 -38 -23 79 87 -96 21 -12 75 21 36 -99 -62 57 -79 92 47 -8 17 74 -61 92 -44 6 -93 -58 -51 25 66 13 18 50 -22 -16 89 -57 -26 -41 26 18 -57 83 51 31 -68 74 63 -63 4 -76 -85 28 50 43 -91 79 -34 66 -23 -2 35 -90 -84 73 8 74 -16 81 47 68 -51 -77 12 -83 67 -74 -15 -68 29 -24 93 90 -99 58 87 -79 83 -64 -86 -64 -9 
-37 -96 -9 62 63 -62 70 14 -59 85 53 -56 88 99 7 -30 42 42 20 -75 16 19 -19 62 -85 -91 -32 -53 -56 -59 53 -23 -11 64 55 -78 -60 -95 17 68 48 40 -1 26 -74 77 11 56 -52 55 41 -4 70 -10 11 3 8 -14 4 -88 86 75 57 16 63 -8 48 -70 -44 69 90 51 -49 -4 30 -98 21 -68 76 34 98 75 30 -15 -5 -24 -99 -36 1 -5 43 -65 -74 5 78 66 -32 22 -26 -76 
-45 2 88 73 9 -81 -37 11 -62 -39 84 -74 -24 -63 98 -91 -78 61 -34 -46 36 -12 -90 -11 64 92 77 -58 -49 37 87 -30 60 -63 35 87 -39 -4 88 51 -82 75 -59 -14 96 -70 28 -15 30 26 -11 27 -71 -18 28 72 -44 85 70 8 -15 -41 -20 -69 91 -18 33 -4 -56 28 11 10 73 18 90 -6 -80 51 -96 -95 -77 47 -49 94 -58 -30 78 51 30 -79 18 -39 -16 28 83 25 23 28 18 -39 
-62 57 84 13 -68 -56 76 -39 82 -85 13 47 29 7 64 -9 52 44 97 48 15 67 75 -39 67 -77 87 65 -76 37 52 17 36 -60 -17 18 22 -5 -11 11 18 -65 32 -75 88 -39 71 98 -71 -30 27 77 53 11 -29 32 35 -12 -20 20 12 -70 -99 -12 64 60 -71 92 20 48 -12 68 65 -5 -63 65 99 45 43 -73 30 -37 48 -35 -84 67 -32 -25 20 84 21 61 17 -15 -49 -14 -6 49 84 -75 
18 -38 -17 28 32 -55 94 35 -18 -18 1 -38 -33 71 42 -24 9 5 95 -82 8 -21 -62 -41 67 -32 35 47 -86 12 57 89 -41 87 46 90 -84 49 -31 78 -72 7 24 -80 -74 84 31 -92 56 -97 -51 83 -87 -18 -92 9 56 -90 20 74 6 75 -76 -45 91 -72 -20 -56 68 -67 -12 38 70 10 35 -80 14 -66 3 -19 -93 37 17 -84 -59 84 30 53 -46 -62 93 64 -99 -58 74 47 83 -91 -92 -77 
-10 -46 -26 -55 -70 -25 71 -54 -34 -65 -4 48 -41 -71 -83 -37 -64 -66 -86 -91 -50 -34 7 52 -84 87 -13 44 -32 -77 14 -3 59 -87 48 -36 5 -62 91 -58 -47 -29 85 28 31 43 90 -91 22 -46 -22 -9 6 -85 28 38 30 59 61 -49 78 78 46 -22 -88 13 29 -12 51 -79 -84 44 50 46 -35 28 -63 94 -79 53 -69 -64 -72 74 -9 56 59 80 -54 27 81 98 65 14 -40 -14 -92 -79 88 41 
31 -61 -39 85 33 43 64 -31 -32 25 -17 47 1 44 -25 29 4 81 37 -74 -48 84 -24 -63 52 53 66 99 94 35 -85 -93 -29 90 -67 -49 -24 -79 22 -14 32 26 -77 -96 59 11 8 52 32 -66 44 -13 13 27 12 -66 79 89 7 24 55 77 34 -72 6 -31 -75 -84 -82 64 89 89 -60 61 -5 88 25 26 -59 84 84 29 90 25 -71 69 -5 -49 69 85 98 55 -5 0 -15 -95 -93 44 39 -16 
88 54 -51 83 -21 30 -85 70 -97 -4 26 72 12 91 -38 -78 9 -96 67 -90 -75 79 -55 -23 -51 85 35 54 -69 -40 83 -9 -80 5 -52 26 77 74 -51 -21 69 -24 95 10 88 -36 34 92 93 -35 -11 13 33 46 32 7 27 76 5 -53 29 -23 67 -79 86 -52 -6 -23 -55 -65 -72 -97 42 -59 99 -4 -31 -32 58 -16 -98 -48 60 19 18 22 -92 -93 91 -78 -15 63 32 18 -34 -72 -76 45 2 -63 
-19 83 -99 -53 -95 99 1 78 5 -75 -93 4 -1 -20 50 -6 -41 -81 51 15 56 51 1 9 73 -10 -26 -37 14 93 59 10 -97 78 60 -84 88 -19 25 -78 -58 14 30 -59 45 -91 -10 -50 57 -20 -78 23 27 4 -46 11 81 20 75 74 7 -67 72 45 4 -84 -45 15 -16 61 -60 -97 -55 62 -71 -70 -11 30 -48 4 38 38 51 -75 11 -28 26 -11 50 -14 -82 83 12 67 86 31 18 -26 -74 -26 
84 0 8 46 -36 35 -14 -10 -38 -89 38 50 -99 -66 -72 -45 -87 87 95 -27 51 33 73 61 62 -3 84 -80 -25 -65 94 -54 -10 -3 88 -47 -10 -85 -45 97 -51 18 14 48 -20 28 -18 23 55 40 -20 1 -25 59 -89 18 -95 98 -3 51 -82 -37 -16 -41 25 -56 -69 46 9 76 -87 94 70 12 93 -15 51 -5 71 95 21 76 19 -97 60 85 12 81 83 6 -56 7 34 -50 90 60 40 -83 -3 -6 
-56 71 -70 93 87 89 73 29 10 -66 17 -13 -82 -46 49 -32 63 54 65 92 -18 45 -71 65 86 34 33 84 78 -87 -10 -37 -60 -39 -79 25 -45 -71 -44 45 -30 -64 94 -96 45 90 84 10 5 90 28 71 -58 -53 -48 11 -10 46 48 34 -49 -45 33 92 -61 15 -17 -68 79 -76 -83 -53 23 79 -68 26 22 92 64 -84 -73 -49 29 -91 40 71 5 86 -68 -34 -20 -5 6 -57 -16 90 59 24 -34 71 
-69 -2 -90 83 -57 33 -77 57 -27 0 -32 -88 43 26 -43 31 -82 -96 -81 -27 -12 -36 -4 89 81 60 7 -98 -8 -92 12 64 -62 -49 74 -16 52 72 64 -94 49 -32 -10 27 94 22 -54 -79 28 -19 -23 -90 4 -43 -95 92 19 -59 66 -24 -15 -96 5 -55 -82 29 -40 -92 94 -80 42 86 -98 -28 78 60 -11 29 64 50 81 71 54 -53 -81 68 7 31 70 -64 -35 22 87 30 -71 17 44 98 -62 81 
-63 34 -82 -85 -31 62 -11 66 18 -50 41 -95 17 21 59 6 0 19 -61 -12 -44 69 83 75 -18 7 36 -55 -45 55 97 54 -87 -32 -42 -87 -80 -57 25 40 -41 -30 26 18 -33 -77 -11 -27 55 -40 -30 -81 5 7 37 -13 -11 -57 -36 22 60 -88 -28 -49 -43 -4 38 22 99 68 63 -49 44 -79 -85 -90 -62 27 94 -36 -76 -69 94 82 -74 54 19 47 43 98 -12 44 -82 41 -56 -98 86 96 96 -25 
37 -41 -70 93 42 44 -1 45 -16 92 64 70 -81 -49 -17 -4 -83 8 50 -59 79 87 13 57 -31 82 0 74 -94 18 68 48 99 58 54 24 49 77 -30 25 52 27 29 -49 -47 -98 67 -25 8 2 -51 62 -97 -22 93 -64 -68 25 74 20 92 33 -34 51 27 -78 1 87 89 0 26 57 48 62 76 75 -93 11 34 -97 65 18 83 16 -39 -80 7 29 63 -81 36 24 -82 16 79 -97 -3 18 78 68 
18 -11 37 -96 -16 -46 77 -23 -25 -14 -48 18 -63 94 -77 -15 -40 88 -89 25 2 -45 53 33 -59 69 21 61 -39 -20 -13 24 29 -76 -87 -1 94 20 57 35 12 -67 -16 -67 15 -78 34 -56 -54 -44 -43 -89 -17 56 88 -89 -89 51 29 -31 70 -88 -82 -30 56 22 -9 -60 -13 1 -41 58 -63 2 54 -17 48 63 -96 81 30 -12 -24 -36 23 26 93 21 27 44 90 -88 -34 -25 90 36 -84 36 71 -23 
54 -99 69 -50 94 11 -35 -20 -19 94 -77 -93 48 72 46 39 -77 56 21 -87 64 53 -19 -63 61 82 -63 17 -50 55 58 -79 89 28 -47 74 -52 -37 38 34 43 -4 -49 -40 51 -4 -77 63 -35 67 -9 95 -28 2 -29 82 89 48 48 -50 -78 10 -5 -8 -31 0 88 23 41 -65 -10 8 53 85 -99 -73 47 61 -26 55 31 45 -10 -57 -11 -27 25 28 -79 76 -37 39 78 55 86 -87 -38 -31 97 -10 
-66 -46 81 -79 -2 0 -44 -37 54 -34 24 -44 -91 -85 -62 -13 -10 83 8 -50 23 6 28 -49 -58 75 -94 41 -7 -12 69 -75 -95 -65 -10 -57 -78 -58 -65 -92 -18 38 -57 46 -76 97 6 81 75 -59 72 17 -77 24 12 52 -5 -17 39 -63 14 -17 -72 -92 -3 84 -88 62 -46 13 -44 69 94 -7 -84 -15 -58 -47 6 -45 94 59 -11 -65 45 86 -59 -99 -90 87 34 12 -43 -84 -41 -51 84 -6 -38 -68 
79 75 40 -30 0 7 -19 19 14 80 11 -28 -63 91 67 -27 -66 -51 47 7 4 38 -79 2 -18 31 77 57 65 82 62 -5 -48 -69 68 50 54 -15 63 -93 50 6 -52 37 -24 92 -33 61 -3 -30 -33 -82 -76 46 6 -88 -89 42 -18 -46 11 32 25 53 43 79 20 16 -44 -72 -87 53 -29 -22 -71 -89 -75 0 -22 27 -52 -68 79 -41 -32 53 -27 74 -36 -91 -56 -43 12 -76 94 3 -58 -22 -52 49 
88 67 75 61 -89 80 -25 10 -54 9 53 -89 -92 -46 72 52 13 78 -27 81 -99 -5 -90 42 16 -71 57 -58 47 -87 -58 -96 42 71 20 -76 -58 -25 -58 -23 88 56 13 -31 89 64 -98 -39 -14 89 32 -6 38 29 21 44 73 63 59 90 16 26 -82 -49 -41 68 19 -46 -6 46 -41 -33 -46 -83 65 -33 -43 71 96 -76 -44 52 -80 48 -13 -14 59 72 -91 57 -21 -71 -92 97 85 -85 -50 66 -40 -39 
-39 60 -69 -53 19 -8 -48 15 -56 -14 86 74 44 -10 -52 47 55 -5 -29 -2 5 36 36 13 -28 45 -83 9 -86 -53 -72 -83 -55 65 75 24 -26 -5 16 -34 67 -36 -22 -85 -23 -57 -30 -75 -76 -35 -12 -67 -85 51 79 -13 50 -21 -18 4 -7 5 7 34 -66 -53 -8 84 -98 37 -50 89 -34 -18 36 57 -62 46 79 27 -14 -57 95 47 42 94 42 -14 -86 -19 -75 56 -55 -3 -56 33 -86 52 18 19 
-64 -99 85 -91 46 66 6 -64 -12 -67 -37 69 -29 -10 2 -64 34 8 -35 11 -3 32 71 -45 -65 -63 14 91 49 89 31 5 -86 72 -8 88 -48 70 29 -2 -24 -8 -72 79 86 -72 60 -95 31 18 -97 88 -69 68 -54 82 76 -32 -78 28 7 -33 28 32 -72 -75 97 -2 -8 98 37 -65 -5 93 63 32 -39 37 35 54 72 90 26 -11 -15 -59 -63 72 35 88 15 81 -50 -83 -93 57 94 54 -53 -76 
-42 54 9 18 34 29 45 -72 1 -76 6 70 4 33 76 21 -95 -70 -49 -58 48 -7 -7 57 8 63 -20 58 -91 -60 -2 -66 4 -54 36 46 98 -64 -13 40 80 76 -20 18 -7 -37 -58 8 98 -56 31 39 -86 -17 -62 10 -76 46 -73 12 61 -21 0 -92 56 69 28 23 -36 -93 19 60 79 -64 95 61 74 -52 -82 3 -32 -92 4 -74 50 -34 73 -52 -24 87 87 89 78 -84 98 64 10 -93 -14 37 
-67 35 3 -56 52 94 95 58 -62 -53 82 69 73 2 -35 86 24 -62 18 -78 88 16 79 76 22 91 -62 6 2 75 16 -49 44 -20 -22 58 9 53 62 21 63 -38 -34 -93 48 -14 -73 32 -24 -48 -19 44 29 -98 93 19 15 -31 59 -80 91 -2 -20 18 43 74 33 -57 45 65 4 92 59 -4 49 -35 -10 -77 -84 76 92 2 -26 -77 -46 5 -96 -49 -67 -17 43 66 31 61 12 -99 -51 -68 33 25 
33 36 -91 79 -56 28 76 -13 -37 -2 -53 29 4 5 92 -27 -60 12 -24 91 -48 66 -31 29 26 -49 84 -90 42 -99 -23 -17 44 26 -85 -70 -70 63 -57 51 91 -89 11 85 60 -69 7 -35 -38 74 52 -26 17 -83 95 18 -13 -41 79 74 -50 -12 -4 50 22 49 23 23 -46 74 -13 -41 -27 96 -79 62 5 30 -5 -55 -94 -4 30 -2 93 -13 54 -32 19 75 -52 -8 50 -29 84 12 11 -52 -78 -5 
-85 34 64 57 -5 -73 21 8 71 29 -12 96 -82 -62 10 -22 67 83 23 98 43 49 -48 41 16 -89 -67 33 92 -23 64 87 49 14 72 -85 -43 45 90 -2 36 43 39 -57 -31 28 14 61 -60 75 14 38 65 62 -22 -90 -82 -41 -57 -18 -44 -65 6 29 94 -4 -30 -65 -60 -26 69 18 41 73 64 96 81 -75 -18 -26 14 -6 28 -49 -54 -9 -62 -63 -87 10 70 -93 -35 -19 -91 -58 7 51 78 98 
-73 33 -54 12 -19 -29 72 -63 -76 -22 67 -6 -73 47 28 -49 90 -62 45 47 83 -27 -29 -54 -6 37 45 95 -68 47 -49 -7 -95 15 -81 48 41 91 -71 -78 46 -61 -24 32 -14 -3 65 67 -88 -16 6 76 21 35 42 -95 60 -23 -6 44 -94 40 -74 -64 49 -35 65 -39 -52 -63 -83 47 -37 -16 -4 -42 15 82 -32 -14 -24 -11 -24 12 85 14 -33 -24 0 -42 83 -80 -84 -38 -35 98 5 65 10 54 
-89 -85 3 35 96 -14 -86 25 -36 -60 -12 -28 46 -90 4 46 -27 -41 97 -47 -29 71 -24 -91 67 46 -29 -36 18 30 -69 79 8 -39 -2 -68 -45 74 77 65 32 -40 55 -59 -47 33 -65 22 -54 13 28 12 -58 85 -28 -40 -71 -94 55 -80 49 13 45 53 43 27 -36 35 17 -94 -39 16 87 97 12 -31 -40 -16 -79 -44 -86 72 71 99 78 95 -20 -86 -29 93 -10 69 49 1 27 43 16 74 -53 -77 
94 -93 -90 77 43 -98 -3 53 53 28 -33 28 -37 32 59 -17 96 71 0 65 -58 56 -44 85 -99 34 -94 -94 87 -85 27 30 -74 -96 20 -18 70 57 -32 39 8 54 -76 88 -10 -4 -20 -75 -76 -97 26 43 -85 11 -39 -65 -31 -87 72 3 9 90 73 42 27 30 -90 34 96 -81 80 -10 -33 38 21 -75 -23 -26 -65 32 -6 -70 -99 12 33 36 -90 -66 -11 49 51 56 83 -87 -91 37 53 55 27 -29 
-78 -22 -19 27 44 16 -47 -72 -83 7 -53 -35 16 81 -31 96 8 8 27 -94 -69 -86 -85 -86 -84 -94 -30 65 -42 85 22 39 -37 62 -5 39 -30 83 -68 -86 -91 -71 -55 -57 27 -41 80 -34 55 96 -25 31 -18 38 -48 -90 18 61 -72 9 -61 -76 -20 -85 69 67 -31 -91 -60 47 -41 38 -36 -78 22 97 54 59 -11 -40 38 10 -6 -22 -49 95 33 -26 1 -67 94 81 60 98 -78 2 -1 -29 25 79 
61 6 -24 26 60 80 65 -27 -40 -57 31 47 61 36 -80 -17 -90 63 48 -34 20 -75 -25 -41 28 -94 68 59 -21 2 -72 -19 -8 53 -34 59 -1 12 -81 75 -47 57 73 -21 55 71 -66 1 -97 77 -20 9 17 -15 -47 -23 15 26 51 -80 -43 64 74 -78 49 69 28 34 -75 -49 17 46 -78 -53 24 33 -97 -92 52 73 -51 0 91 -74 99 65 61 27 -6 -5 -11 -47 33 21 -65 0 -70 18 55 0 
11 78 -96 -83 -67 68 71 95 -11 -20 -20 37 -74 -14 -58 -51 -63 64 -85 -82 -40 -26 -20 48 63 -64 -10 39 -10 9 -63 71 75 -43 87 39 37 -61 -2 72 -58 -71 -75 70 -61 -73 97 -8 66 -41 -27 76 11 -4 25 85 -22 -63 -56 -93 -6 -19 70 -90 -28 46 -44 -77 -46 -52 88 5 -45 -62 -25 -86 -98 -38 89 -21 52 34 98 61 -92 24 -88 49 89 93 -8 -13 82 72 -82 29 -81 0 73 95 
-40 24 -44 58 -70 -26 -12 39 18 -65 -29 50 42 -74 16 -91 -49 -18 95 -48 -2 -71 34 74 62 -87 -11 -64 -46 70 50 55 54 -31 17 48 7 98 19 16 49 66 -87 -8 16 -23 -31 40 -37 57 28 -14 5 0 -29 -94 56 87 58 80 -75 -61 -16 29 -32 19 -57 -17 -77 -29 57 46 66 93 -21 -81 -19 86 -94 48 93 55 -58 -82 -35 -80 -89 -58 38 96 -28 3 61 84 -98 -12 -44 20 -45 -97 
81 -7 -31 18 -33 25 54 -65 -23 14 0 86 -95 -68 -91 98 28 -82 -44 22 -22 76 95 28 86 19 40 44 67 -94 -51 66 84 70 23 -60 19 -33 9 -28 70 87 24 75 -78 1 47 -17 30 45 68 -86 -59 -98 26 29 -2 52 23 -29 36 94 98 -14 -20 -94 8 18 -55 -6 58 -34 -93 55 -27 33 -71 -6 -42 -81 -4 -89 -23 48 34 -83 92 -86 88 -82 -22 -75 -20 65 46 9 -42 0 -58 -39 
-49 4 -34 73 -97 27 88 -28 11 -37 -66 -48 46 -9 85 -67 25 29 -36 69 -63 4 21 27 -81 -87 -94 -97 -12 -9 42 76 -47 25 -66 56 -1 10 73 34 -32 55 63 79 -50 17 -8 -60 -55 86 -18 67 43 -96 63 -86 60 -45 -73 36 33 -20 39 -37 17 34 -92 -7 7 21 6 -77 -83 19 4 -72 44 -46 -40 -17 71 13 63 32 96 -92 1 -8 -25 51 -2 -37 -10 -81 -27 82 -27 76 74 52 
97 -70 40 -38 -19 -49 -98 -60 61 -79 -94 -44 33 99 -35 -22 -69 91 -55 16 -54 -50 92 89 23 29 63 -59 58 4 89 -79 -33 64 30 13 98 86 88 -62 -73 -22 49 -10 41 53 89 91 -42 -33 43 -3 -1 42 -52 84 14 88 -32 43 22 35 -13 -93 48 83 -19 -20 -43 63 83 26 -15 -76 69 23 27 39 -34 90 -51 -76 -38 -99 -74 -30 -48 27 -78 7 -61 11 34 2 -26 13 22 -1 -27 57 
-78 7 -74 18 -64 79 -12 -56 0 -94 -65 -32 32 -21 -4 72 -98 -3 -97 -32 64 -59 -98 -51 17 -50 72 -66 -14 -31 -48 39 22 62 49 -90 71 -79 -56 81 -13 -18 60 -15 33 28 -92 -99 -42 -79 26 97 77 89 -50 60 -92 45 -69 -61 -92 73 21 96 -38 -93 -85 -20 92 60 24 -62 94 11 45 -76 24 89 -11 4 -92 82 -30 16 17 -65 38 -97 97 -50 12 -20 29 -64 82 95 -55 59 29 60 
-78 -91 59 -89 -57 -66 -4 41 48 95 12 -5 -80 78 -99 8 47 42 56 31 -91 -83 -28 -12 -72 -21 39 87 -76 86 -84 -52 -48 62 -71 22 -11 91 46 -7 55 -73 -90 -6 85 49 -98 42 -48 -82 1 97 41 -15 42 -52 -27 83 -69 -76 32 66 -23 -58 -72 -27 6 69 -98 53 -91 -51 94 -42 52 -87 11 7 -4 98 31 12 -83 53 -84 57 29 -81 -7 55 -60 4 -51 9 -74 71 -26 -49 40 29 
-62 -81 -21 47 45 -96 -62 47 18 -20 -75 44 -73 14 71 87 -31 47 17 -33 85 -89 -98 88 -89 -77 47 -98 60 -3 93 39 -67 95 -25 -18 75 -46 8 -49 28 86 -53 -35 46 -60 29 -71 98 -47 -54 67 82 -81 91 -68 -16 50 -61 60 -69 40 -98 74 97 16 23 48 35 -65 22 39 -88 1 67 95 -61 -43 87 -60 93 79 29 -54 -47 63 -56 94 12 -22 -24 19 49 44 51 -48 5 -44 52 95 
-28 -32 0 -29 -96 -41 -92 93 1 -39 -95 6 -92 -1 -91 -41 52 -42 41 -10 32 -64 33 30 15 64 22 18 -78 0 -36 14 47 -79 52 -28 40 -1 -5 5 -31 -25 98 4 -11 -7 -46 -74 73 -32 -4 -43 -38 -82 -34 -64 71 84 54 -72 -86 48 47 45 -11 18 -63 -72 -36 -53 -33 -97 77 -21 -3 -34 38 -89 61 -85 98 -59 61 -43 -73 -6 3 4 -86 46 -53 61 36 -93 53 -32 19 -9 -90 53 
-28 64 14 -63 -13 -24 -67 79 -22 -53 31 71 8 -29 -2 85 -40 -93 -40 95 80 -49 15 -62 -41 -10 -69 -1 50 -6 -72 33 -18 -76 56 89 -77 31 79 59 59 -88 36 -24 84 75 80 -44 42 -82 91 20 -29 -74 23 28 81 67 -49 -1 5 -1 67 86 7 -86 -68 -71 98 81 -10 2 -20 32 64 67 -56 56 -31 97 46 23 84 -65 22 49 -42 9 21 -76 67 -80 97 53 -28 -32 29 87 99 -73 
61 -99 78 -49 -57 -43 68 30 77 91 96 -73 -25 4 -26 -70 86 45 -77 66 88 -54 37 16 -74 46 54 78 51 77 -57 74 17 81 -46 64 -33 26 37 -16 -14 -80 48 -85 -77 -39 -22 -43 8 28 -3 -37 20 -67 64 33 -45 88 60 -81 -40 35 -63 26 34 7 36 -85 52 -92 -60 47 -19 -43 50 -9 -51 -64 94 -98 -21 -5 -83 -6 20 69 -13 -1 75 98 -36 -4 74 19 -73 47 -72 -2 -30 -1 
45 -29 -1 36 98 -98 0 -32 49 -96 -63 -3 52 71 -72 28 68 4 47 -67 -94 26 -11 43 18 -70 55 -52 -44 -83 97 -58 -23 -31 -21 -71 94 -36 -58 -57 46 -36 11 -5 95 94 -1 -56 12 -4 -97 -80 3 62 -69 -84 70 31 86 -60 -78 -33 71 -23 33 -75 33 -8 27 92 65 68 -35 35 -27 17 63 66 -50 -82 -33 71 88 77 38 -87 18 54 76 16 -87 56 -33 -16 -82 -8 2 53 -75 -4 
-47 99 20 -78 67 -23 81 42 -94 10 -62 -57 -55 88 38 -53 -32 -82 73 -69 -9 -94 48 44 45 31 74 -56 7 -46 80 -32 73 11 -84 40 43 -9 63 97 -99 76 -51 66 72 -94 34 45 -45 -36 -99 -55 80 37 94 -65 69 42 -43 -42 -93 8 62 -64 57 -42 22 -83 -94 8 0 63 30 99 -49 -34 30 80 -81 30 17 95 -85 20 29 96 18 -12 35 72 -51 44 97 53 78 -79 -27 -64 -21 12 
86 -19 -71 -93 9 92 83 26 40 31 -91 72 -50 -89 -57 -94 -9 72 54 -33 44 17 -9 79 98 -88 -99 33 41 -13 66 -93 -43 -5 74 -92 -25 89 6 89 77 51 -31 -7 -88 -55 -66 -30 69 -46 49 46 -61 85 -55 -6 15 -56 53 -8 -76 45 67 -40 23 -16 44 -85 5 -21 0 0 -74 -98 27 -18 -72 68 39 9 -1 -14 -78 -63 -32 4 -69 -19 -38 -52 -53 81 -85 -87 -19 -31 81 -14 36 -37 
49 56 59 -32 94 42 88 -87 -78 44 10 -21 -79 -23 -31 63 81 41 -41 -7 78 84 73 -15 95 -17 71 -2 -30 45 -92 -78 -58 -61 97 77 54 -21 -17 58 -39 27 -99 18 -45 70 -71 -79 -74 55 2 23 56 48 -3 19 -73 58 -4 -43 75 6 -10 92 -70 42 83 -31 8 -39 30 16 32 -90 -36 56 78 -19 -85 49 33 49 -33 -14 1 -82 -37 -54 -98 50 -50 72 47 38 -92 -34 73 -76 25 -82 
-37 -50 -36 -23 57 -48 75 -1 14 -65 35 76 59 84 17 -16 -43 7 -89 -40 46 65 57 -48 57 78 91 58 8 51 -96 58 18 -14 -13 -88 -90 34 -5 65 73 82 26 -53 -70 10 -74 66 -39 88 -6 88 -79 -55 -59 39 20 54 -60 25 79 -2 -71 -18 -41 31 89 -45 41 17 -83 -40 -78 92 -65 -26 74 -74 -29 -93 -5 -66 -93 -41 -77 -1 44 15 7 -25 -14 -74 50 38 -68 -22 -79 -37 -69 48 
64 88 -12 -23 -33 -17 94 35 -72 43 -97 38 5 81 6 59 -98 92 -81 21 -13 43 72 -67 -44 -52 -85 -7 68 -98 3 47 89 81 -7 -88 26 63 25 -86 -98 -30 12 -67 6 19 -67 -23 -35 -28 -80 51 31 8 63 82 88 65 90 -65 84 16 45 77 -69 -43 -62 78 -33 56 82 87 39 4 71 -77 -42 61 -47 -95 25 -39 23 -19 -60 53 84 -6 -84 -9 99 -6 -8 -22 -33 79 -12 1 87 -4 
-13 -77 -40 -97 -41 53 -67 -7 57 -76 53 -13 44 -12 -52 77 13 -33 -74 16 -78 37 28 68 4 38 35 -2 -51 63 6 32 -96 -1 83 -11 72 2 -26 -70 22 89 -85 -63 37 24 -49 67 93 37 -62 68 61 -31 -97 -79 78 -96 71 -58 -79 61 35 -38 -15 -72 -80 66 18 62 82 -59 59 35 -50 -84 24 99 60 80 -98 36 -82 77 -96 59 56 -73 -68 76 49 -97 -97 -54 73 -89 27 80 -84 -25 
-69 27 13 -19 45 -77 1 87 60 96 43 -38 36 92 46 -63 55 -98 8 -48 -93 -82 23 -13 -36 -1 76 82 22 59 6 53 12 -84 68 97 -34 58 -62 -18 68 79 -87 -68 -90 31 -34 3 97 49 59 14 32 -61 -97 73 0 76 72 -60 -79 92 13 -80 67 -34 -45 57 0 -21 47 62 -60 19 86 -93 -77 -12 -11 -55 49 -63 -34 -93 67 -1 6 -95 -44 -23 -13 -16 -68 -10 33 93 -91 40 -30 -54 
-81 50 23 63 -74 -62 -20 -47 20 -67 70 -47 -40 10 71 -49 -57 -51 72 -66 21 -94 -81 42 -25 80 -61 13 3 11 30 78 -74 -38 -90 65 -40 -69 -37 -75 83 90 -73 50 44 -56 -63 -62 66 -12 60 85 -29 -5 18 -58 31 -51 -19 -47 -92 -18 -60 62 6 -8 -12 -98 65 -91 -37 -41 -20 -2 49 -86 72 -3 6 93 68 70 46 -28 -21 2 11 -11 -79 -55 -84 66 -68 6 94 -80 89 75 -63 -29 
85 47 79 83 51 -85 60 -68 43 -20 -36 -76 -45 -58 2 27 -92 -49 50 -31 2 55 -4 -12 96 10 -11 -42 46 76 -9 36 -69 -82 30 22 68 -34 -94 63 -98 37 -46 58 -9 17 0 -44 23 -37 -35 -13 34 50 26 -14 -98 95 5 -80 4 27 74 -18 -94 84 37 -71 97 -26 56 -22 -1 -93 73 8 81 11 91 30 -69 -45 -93 -17 -53 43 4 -43 97 11 48 47 33 -81 25 37 -36 85 -76 -55 
92 -44 -74 -25 -8 -19 91 -49 39 10 34 -23 74 -65 79 69 -62 -25 53 -28 -2 23 43 76 65 89 -85 17 37 -99 85 -73 -9 15 -27 94 -9 99 30 -31 53 63 66 -6 69 6 -51 78 52 41 -90 76 26 71 76 -12 -33 -89 81 36 56 -78 90 87 -86 23 -49 79 -43 -27 -69 -98 -60 -9 28 -18 -18 -1 66 56 37 -75 -14 94 -50 -92 25 -98 29 10 -10 -69 33 -42 65 53 -58 -48 -2 -66 
-87 53 43 80 -22 -22 2 -96 91 48 -89 -70 59 77 27 69 -67 -76 47 22 46 -89 22 -66 38 -94 -66 -38 -17 -65 36 -56 -13 -80 -91 46 23 -40 -11 32 36 70 58 -14 -26 -72 -82 -80 92 59 -13 33 6 96 -48 -72 -90 -12 8 58 77 -72 -42 85 -96 41 31 -89 -80 5 65 -63 -34 61 40 84 99 28 -73 78 11 -93 -98 32 -25 14 -67 74 -4 -36 -36 87 -13 -67 -70 -78 -35 -60 -95 -95 
-82 87 20 30 -41 -43 -5 76 -23 -60 -12 -16 47 19 16 -24 -63 -36 -33 -49 82 89 9 -27 20 94 27 37 -88 96 41 81 18 3 19 -74 -99 42 3 0 -85 -69 57 -34 64 72 10 -23 45 -51 -21 -84 49 -89 50 -90 95 10 -83 -46 37 30 67 2 -61 10 35 3 25 93 -48 -8 9 36 58 -97 44 -40 26 47 55 99 -13 -98 -60 36 -76 26 -8 96 -81 -6 85 4 22 -81 18 22 37 -19 
44 -50 -58 -72 76 49 34 81 -94 43 62 8 76 -10 56 32 -21 -72 14 -20 -77 89 66 16 47 99 7 -53 29 -35 -38 89 42 26 -68 -35 52 74 -8 46 29 -61 -90 -71 -94 -31 -57 90 41 -95 93 80 78 -7 44 -18 -82 40 58 -46 -77 -30 11 -88 44 87 72 -24 -96 -93 67 -37 -52 51 -55 22 83 10 58 -83 -45 -56 -83 -31 62 -9 78 97 27 96 69 3 -17 27 -97 98 50 34 -53 -17 
70 -3 -54 -43 21 66 26 -78 -56 69 15 32 -8 -82 4 -57 -72 -1 -16 94 -97 90 -53 68 71 -97 -92 -11 38 -56 -1 5 99 77 -78 97 50 51 54 72 50 -80 48 -66 -34 50 37 93 96 -23 -33 60 53 51 56 -49 68 -45 96 -44 -48 51 57 -48 2 -70 87 64 -33 75 -7 90 -20 -73 -56 25 -48 -51 1 49 4 -88 -53 -11 -31 8 -90 6 -64 -3 38 81 37 40 -80 -30 -62 50 93 59 
59 26 7 -66 75 11 70 -95 -36 -65 72 38 67 -40 -62 71 19 -34 65 49 40 -52 -86 83 68 -18 54 -94 -86 2 90 -6 82 -53 -80 30 8 -9 14 -59 27 11 -54 -30 53 55 71 22 -95 54 80 -99 -61 -93 -74 -39 -38 19 -41 15 95 -69 -81 21 -31 62 -35 -25 31 -92 -2 6 39 -59 -23 33 -50 -34 -25 80 -36 -42 -98 77 -37 -26 -37 66 -65 -98 22 -16 -51 -44 -99 28 90 -38 -80 91 
11 42 67 56 10 -55 -77 2 96 -41 -18 26 -76 26 13 -12 -12 61 16 -4 -65 -98 99 -46 11 -33 -92 23 91 -78 -43 -3 -83 16 41 22 39 33 94 -9 92 75 23 28 -45 41 -42 21 -26 32 -44 30 -89 77 -2 -93 -79 -35 88 -64 74 -90 -18 -5 64 32 -69 -40 -66 -27 -76 -43 -56 -87 -46 -85 -35 40 -84 11 88 31 29 -72 1 93 18 53 87 18 -5 47 13 -88 -53 20 58 36 47 -39 
76 72 -44 32 69 11 70 -12 -41 7 10 -44 -29 59 6 63 -96 -18 19 29 32 29 59 7 73 99 -68 -72 51 -80 -47 -71 -27 84 94 73 -10 -54 -35 -68 -64 75 91 13 79 66 -29 48 -46 91 86 35 -23 95 31 91 -67 85 -46 41 48 -58 -14 71 -32 -18 -78 25 -26 61 -32 -57 -60 -46 4 -66 78 -36 -81 -98 -43 22 -13 43 -48 97 -99 -77 -38 -73 -39 44 -1 -54 50 50 49 28 -90 83 
37 -73 -89 73 53 66 -94 -88 33 -48 73 -15 8 65 -52 -68 -96 -4 57 51 63 8 69 -43 2 23 63 -23 -7 -99 -94 62 -72 -82 54 74 -61 59 -55 -61 -61 -64 -36 73 58 73 -93 -83 -81 35 -73 84 -37 99 72 26 -66 -32 -59 -19 -28 71 -71 90 -62 8 -44 -6 -74 -11 72 -56 84 39 -87 -16 89 -71 13 -31 -78 -95 -54 -78 -7 2 24 -61 -31 -51 -51 7 64 -7 -33 96 -77 -56 -39 -97 
-14 -62 -25 6 22 -48 72 62 22 -8 1 68 90 -50 -33 -89 83 96 -76 -88 -9 -79 18 2 -68 -34 -54 29 -96 -81 -8 -2 4 66 -77 -18 31 57 -73 42 -57 -54 -28 53 51 13 7 -62 27 -69 -89 -25 89 47 7 -47 -97 38 -86 -92 -30 -88 -6 -50 -74 65 91 49 65 19 -80 -87 -50 -10 -71 59 -92 -12 -3 36 37 -32 -3 -28 -32 -34 67 -47 7 54 24 70 -53 -84 -40 86 39 -41 56 82 
55 -44 21 -40 22 -37 24 -54 -58 43 51 0 -10 -37 93 -97 39 12 13 -96 99 -85 93 78 -56 -87 17 39 -70 -83 99 -19 -88 71 16 75 -7 56 -82 -87 16 19 -80 81 35 -61 -1 32 -36 -76 44 -58 -88 9 -20 24 56 98 -59 -50 -22 -24 29 -43 -8 5 -14 81 94 -51 42 94 -72 -66 -23 75 22 -31 92 -80 6 65 74 44 -80 -85 -89 61 -82 -71 73 31 18 84 -66 -73 74 1 22 58 
-11 -8 8 54 -80 1 67 -71 -18 -32 38 -12 14 35 -43 -99 -46 12 -31 -20 90 -52 -65 -88 -34 44 -29 91 93 91 -5 63 21 -99 45 -2 28 -16 26 -96 67 -4 5 -65 -82 -44 -67 -9 -20 -12 97 50 60 -38 92 14 58 41 -57 -30 51 -84 -63 -91 74 -55 72 49 67 -58 -73 39 -11 -48 -78 21 58 -68 79 -91 -39 -29 88 53 -28 -3 -76 -59 59 -13 81 -14 -9 -38 -34 -95 57 3 23 -33 
58 65 -45 75 -47 -51 25 -43 -98 88 -93 -53 0 96 -29 -65 24 57 28 57 -14 69 -92 -4 79 -90 95 5 7 83 -84 -86 70 -21 -89 61 -87 -19 10 -37 15 -21 72 -74 27 -50 -7 14 -82 46 8 -21 -54 94 -79 -44 -56 52 47 69 -15 -25 66 80 -79 -73 -71 -24 68 -86 82 43 -53 -92 48 90 -43 -24 -24 11 -85 -44 88 3 96 -9 -75 2 59 -89 52 -46 0 -79 -61 -72 41 86 -87 -38 
-3 -88 57 34 -40 -25 -66 -87 25 13 -76 -32 19 -65 -31 -1 72 42 -6 1 82 -10 -60 -78 73 40 -94 -47 -22 -46 -39 -60 27 44 13 -28 -42 30 -68 -29 42 -20 27 -64 -87 29 -6 -9 -12 23 87 -84 -22 -35 -29 40 24 1 -7 82 -64 8 -1 -83 -32 49 98 -95 -84 69 -47 0 28 22 -39 -29 -23 9 -95 97 49 -45 81 -83 -10 4 -40 39 68 -39 -75 -36 79 -10 -69 77 36 -61 -57 -57 
-12 91 -8 47 -54 75 -31 45 54 -84 -2 20 -83 81 -76 7 23 63 50 58 77 72 61 -22 -45 -48 20 72 -18 -8 -88 93 79 -31 -36 -80 -89 -38 87 52 80 -43 -20 2 10 -99 -13 63 -63 -67 -19 96 -64 -90 91 -90 -79 88 76 -33 16 47 44 45 57 -48 76 32 59 -84 -52 74 -95 7 17 67 -79 -62 -84 78 -92 89 30 68 -48 87 64 -91 52 41 29 -18 -47 -58 -83 -34 -95 71 75 -22 
49 73 -36 11 83 -86 51 -19 -87 -34 14 83 -64 22 -7 68 -57 72 76 -33 78 -52 18 -33 -85 -18 -93 63 75 -81 55 89 -33 77 85 2 -64 -39 38 -57 66 -63 52 43 -22 89 -76 -13 4 -43 -69 60 -75 48 98 69 -50 -95 -66 83 -3 -39 90 20 -67 65 -59 31 -39 17 7 30 0 84 52 9 -42 10 -24 -50 23 -99 67 56 63 80 24 5 3 91 -31 -72 -49 19 67 -71 98 7 37 24 
-72 -61 -47 -59 25 -28 -31 14 82 -52 -79 -62 76 -80 83 0 -68 -67 27 17 61 42 -9 36 -78 0 -71 -89 72 46 -24 43 -45 -51 22 22 -30 50 -63 -59 -58 -80 -24 -35 55 0 -45 53 34 38 91 66 31 -9 -1 40 -58 -83 18 81 4 26 -83 14 -66 -72 12 43 82 -38 18 24 -15 68 -55 15 -43 79 53 91 -52 92 61 -68 -19 -70 -13 59 -77 -4 19 -44 72 28 83 40 -3 -28 -63 -12 
74 95 -72 -83 3 17 64 -75 89 51 -87 -45 40 -59 -99 -98 36 58 -2 -9 30 -64 3 68 11 -23 -23 89 65 -15 -77 38 -30 60 -40 47 11 -2 -16 -96 51 46 -75 -87 -80 -40 31 -73 -10 38 -62 -75 75 63 37 72 18 32 62 -59 35 -4 -75 92 99 -37 13 -16 -30 -69 79 39 -59 34 87 41 -88 -45 14 -52 -20 -53 19 -8 12 -1 25 82 -98 35 5 20 -90 -96 -26 -65 -39 -35 38 -86 
72 -95 77 23 65 -24 -4 74 74 3 40 16 -76 75 2 -39 51 -24 1 94 51 -62 27 48 5 -24 66 44 -86 84 -18 74 -37 -28 70 -35 25 -49 28 95 -81 35 12 -6 29 2 57 -23 96 81 -4 96 74 -27 -38 -50 80 34 -10 -4 -50 -24 -12 49 90 75 55 -92 64 85 -92 16 94 -26 90 -53 85 -67 10 37 9 -42 18 -15 -76 19 46 -30 92 -21 -21 78 -25 80 -28 54 -34 17 45 46 
79 -44 -79 49 37 51 9 1 -38 -9 -95 -10 14 -83 18 -62 -86 40 -99 65 42 35 54 -23 90 42 -87 91 28 50 -80 91 71 -59 12 -8 -97 28 -17 -62 -18 -74 23 -44 9 -99 79 -17 79 98 -17 -27 -89 -4 8 -15 -69 25 85 -55 -27 33 -4 66 -43 -67 -30 -63 -24 56 10 77 16 28 42 83 -74 -44 -52 23 -97 -90 -71 39 25 7 37 9 21 -58 -12 72 -96 93 46 10 88 -56 -64 -4 
50 -82 44 -16 -13 73 -78 -27 -92 -28 32 22 -80 85 -19 23 72 82 -78 45 53 -22 -2 65 28 -57 -63 57 41 -59 -42 -67 -34 -20 65 35 -93 -19 -65 -95 53 -40 -6 -99 -65 -36 -43 29 52 -49 -12 -82 -15 45 -4 -92 49 -93 61 89 59 41 44 14 47 -66 -66 -94 -16 83 -36 -65 -86 81 -7 72 -45 46 27 99 16 66 -40 -58 -94 38 -28 -24 70 -94 -96 87 -84 17 -85 -68 -42 50 49 99 
-2 42 -42 15 -25 52 56 41 7 -14 73 -54 15 88 13 -36 8 82 -36 16 -63 16 84 -27 -80 -44 -17 75 -54 45 -14 -86 -3 -98 94 -83 8 -86 -55 -84 73 -96 74 -76 78 49 -85 50 1 -41 15 -43 11 68 -20 -59 -40 -34 -22 -98 47 42 -64 -41 -28 48 55 40 -24 -45 -48 -58 61 20 30 -43 -60 66 36 -28 -10 -71 67 99 -6 10 -19 -37 -5 -32 -81 -44 -10 2 34 -77 -97 66 -44 61 
15 89 87 -11 87 -71 75 -78 50 93 53 -37 91 -7 41 -72 58 -82 58 -63 82 -36 -62 -18 -74 -63 -88 43 -84 -48 -90 -14 -36 -1 27 10 18 33 -34 99 -99 88 -46 27 -35 58 -23 48 -99 -1 18 -35 -46 -82 98 -47 39 -79 -68 -16 -28 -98 38 84 -2 35 -51 31 -80 72 -22 -41 -92 -22 -84 -63 -62 98 -45 -84 35 25 83 -30 -82 11 44 82 80 5 -65 -23 67 9 -10 70 66 83 25 -61 
36 53 -11 46 -60 -55 -95 -40 67 -2 -34 52 57 47 -73 -8 -6 -44 47 71 -73 99 -84 69 62 99 64 -61 57 -27 84 -21 37 55 33 21 12 -71 -39 82 29 -37 -61 -23 -35 55 -75 72 -81 96 19 42 83 -16 40 2 12 6 -46 54 -42 -77 76 -26 59 41 -58 -1 24 10 77 60 92 75 -93 66 -55 -56 42 -13 1 -26 -10 -83 -23 -38 14 -48 -47 12 41 -47 -43 99 -67 4 -39 -91 -33 44 
-54 47 77 56 -91 -57 -44 -70 6 -52 98 -31 -7 -46 58 -22 -36 78 -20 -21 25 -93 50 86 -10 99 79 34 55 -94 14 18 -46 61 -65 18 -39 66 67 -99 -79 27 3 96 90 35 -95 2 -45 -85 64 -85 -43 95 95 32 15 66 -56 66 94 -62 37 57 -18 -24 -89 -98 -88 -16 -16 -13 35 50 -49 -96 -33 -42 -14 69 21 -21 -77 -16 77 -52 74 -36 -27 92 -92 35 44 14 87 -5 62 -61 7 72 
-1 44 -54 -96 76 30 -34 90 7 37 -54 -97 77 99 -89 3 57 -25 -32 77 94 -17 30 96 -87 93 86 58 -3 -16 16 -93 65 74 18 -66 19 33 -99 28 36 -63 -39 -47 -72 -69 36 -2 71 -23 0 9 -87 -96 74 -49 -44 -61 59 64 -31 -45 -59 53 -17 60 19 -4 68 17 66 47 4 -13 20 -41 -5 35 -92 13 87 -58 -77 82 55 71 62 83 -89 75 -29 35 29 67 -24 70 -90 13 -79 -36 
33 33 -98 -89 75 -46 56 -43 -97 9 -34 95 -81 94 -58 -8 32 -57 70 -36 -63 -42 27 -98 -93 -43 44 -61 -24 20 -48 -44 -87 42 17 -35 65 86 -10 84 -91 86 57 -65 -65 29 -73 39 -17 66 -71 14 50 8 19 38 -25 30 -78 -44 27 -19 -95 50 29 -64 67 -80 34 78 -87 -25 -60 -1 -15 68 4 68 -73 71 94 -43 59 74 -90 99 56 -15 91 10 30 2 99 31 -17 25 61 -19 -93 18 
-1 -1 -51 -98 24 -36 -92 77 46 97 -71 -48 57 81 -28 -42 -94 -76 96 -39 67 -20 -84 -71 15 3 97 -5 -35 93 -67 -27 73 -64 22 -76 38 11 -58 -58 12 -30 33 -53 -85 -76 57 -99 -17 13 33 -71 -53 68 21 -48 -14 34 -95 36 -65 -97 -66 -81 -62 56 -28 79 16 53 -90 26 28 -69 76 69 95 -4 -53 -15 -85 -72 91 33 -71 -91 -68 73 -92 -98 23 45 -28 15 -6 52 -58 61 81 12 
-83 82 -56 -72 60 -20 94 -50 62 -50 68 -61 -44 78 71 65 -99 11 -74 -5 71 77 31 -93 -71 -58 -2 -36 -90 -7 92 64 -83 -34 91 -11 52 -82 -29 99 -42 50 -47 -6 -70 -50 22 -15 51 91 99 20 -8 1 86 24 -41 -72 -16 61 -29 -91 -48 -14 -91 72 -96 96 -51 20 -33 34 91 -19 -62 -75 71 0 -59 95 -48 53 -13 67 -77 73 70 -49 -51 -50 -40 36 71 60 -17 -33 -7 79 84 -21 
48 -40 -89 45 85 32 -21 55 42 8 94 76 -31 30 -4 0 -19 65 65 -75 -45 96 -77 95 31 -30 57 84 -39 -46 -84 2 37 -77 46 35 -51 -58 66 -39 -87 -45 -70 -79 8 -93 -49 20 93 84 13 27 55 99 -36 78 83 98 -98 -49 53 88 38 28 -97 -39 94 48 -61 -47 15 -20 59 -76 29 21 69 45 36 -39 -12 41 75 -4 20 96 -94 -52 36 -64 -98 -58 -70 27 0 66 61 -8 12 -68 
-46 32 63 83 83 68 -17 64 -83 60 96 81 60 -80 -19 -60 -75 5 85 -23 -25 95 -12 66 -54 -12 87 -72 -50 79 93 -4 -36 -95 -12 51 -59 -76 66 72 46 86 -83 41 -77 -11 2 -28 -68 15 49 -48 -69 -8 41 3 -74 30 -22 33 79 -30 -7 -22 -8 -21 -95 17 -82 -91 -78 68 -81 48 18 3 7 2 -26 24 -14 77 -35 0 99 -79 -53 -6 -98 24 -65 -4 56 -96 36 -68 57 -1 -81 82 
65 -26 -47 -18 95 80 -99 72 6 -91 72 96 -1 -65 -5 -68 44 17 17 97 -36 2 57 -67 1 69 52 -92 -88 -44 -8 -79 -39 -45 51 -52 -55 54 -85 -87 -57 -35 33 -33 -56 -22 37 -47 -6 91 45 -51 -7 -58 30 86 50 55 16 -98 77 -56 -44 46 73 -48 95 -67 -61 88 -91 -66 56 -99 -55 -46 -20 61 40 67 -37 17 38 -42 -13 51 -97 39 -41 -16 -5 58 -38 32 18 -10 82 -75 26 2 
-54 -13 -28 24 -58 -49 48 35 85 94 -15 57 -4 55 -69 0 7 -92 -29 -84 -20 19 91 32 -77 49 80 -96 -20 35 -85 60 10 32 -35 -20 -19 83 -56 27 63 -30 -99 80 -60 -47 71 45 37 96 -95 11 87 -35 47 -97 68 46 51 38 78 77 82 26 5 -41 19 93 -5 -64 92 -1 24 -17 32 -59 -75 22 83 -74 -73 -73 -79 62 -15 22 71 -17 -14 -90 -14 -48 -44 -76 -76 -44 -84 -59 44 51 
27 88 81 46 28 -8 -17 4 56 -77 20 79 2 -80 5 15 43 39 12 34 -35 -85 -86 -24 -59 -70 -7 -93 -93 -60 0 63 45 -60 -34 1 98 83 5 -37 -43 -14 -99 46 6 73 59 -75 95 25 13 63 -46 54 40 90 59 98 75 -17 42 -98 55 35 -94 -61 17 42 -46 -31 90 3 -50 -75 13 35 -27 -6 68 -8 50 -77 72 -81 55 98 67 -27 -60 96 0 29 36 14 71 58 88 -5 89 -98 
98 83 -9 41 -41 28 73 -43 82 -13 -73 -53 -32 -40 -33 18 24 -57 70 82 -93 33 32 -15 67 -17 -96 -6 84 46 49 13 8 66 -5 58 -17 -83 -65 26 97 -78 -71 76 -17 -26 15 -8 -96 97 -53 -53 43 89 -41 44 0 20 -93 -46 32 -26 95 38 -15 30 -75 -89 99 7 -75 -35 -38 -14 37 -48 -41 79 60 43 -90 -84 26 21 -53 -11 -64 -89 -48 94 -6 42 5 98 10 34 -59 -77 10 -73 
12 -47 12 22 72 -44 67 17 -15 82 -60 -71 -71 -95 -72 3 -6 -36 46 81 89 70 61 35 85 96 -67 -60 21 -73 43 92 47 -33 3 -48 44 -47 43 -78 -84 17 -21 -76 10 -50 -36 25 75 81 -49 50 49 40 -84 -28 82 -61 73 -7 51 12 -21 -82 94 17 -76 -83 -80 33 4 -15 -53 68 71 -41 60 13 74 64 92 -81 -80 -20 39 39 58 -69 90 -13 35 -1 -6 26 45 13 42 -40 -36 -26 
-58 23 -18 -79 10 99 -25 -42 42 -70 -28 -39 -68 -55 -39 -94 -47 -12 -85 77 -51 -80 2 94 8 -17 15 -26 -18 4 -33 67 -42 -69 45 23 -10 32 -41 40 79 96 -15 44 94 -92 6 47 -12 90 -21 67 -1 68 36 -60 85 1 76 -96 50 45 42 -5 -27 56 58 -58 -4 47 26 21 77 -18 -93 17 -51 72 2 -78 80 -35 51 -7 -67 -75 17 58 58 -17 -2 5 96 60 -27 33 81 16 63 -73 
73 -52 -21 75 -93 -61 -2 64 56 -46 -52 -21 -37 78 -49 -35 -3 41 -90 6 16 21 -60 -93 28 -84 -90 46 64 63 -72 -43 -35 -89 -87 -86 12 -55 -8 -75 41 45 38 -94 31 -84 -56 17 31 47 21 84 -17 -69 -44 -23 11 24 23 -85 -29 72 -5 -96 -18 33 10 -12 36 30 38 93 -80 -6 20 52 -87 49 -57 -76 -43 -11 3 56 -72 44 -93 -22 -33 -93 36 -1 91 61 -53 -62 -94 84 49 18 
