-17 31 26 74 52 -31 64 47 37 26 -51 99 6 -73 -22 31 -52 99 -29 -25 -92 58 80 83 66 -70 -98 -98 -42 -98 -8 -66 56 45 35 33 -42 31 -8 -18 -25 17 43 -20 19 -50 -6 90 29 -19 61 21 -17 70 -58 82 86 52 52 87 76 24 -84 -32 20 78 15 45 -62 96 2 48 -22 24 70 58 -81 -26 15 -82 27 29 60 -55 24 76 50 -91 -1 -82 -39 -96 53 86 -55 -56 -25 -56 -22 -47 17 19 17 90 30 0 23 1 -70 -46 58 65 11 10 -45 -51 -92 -36 -32 93 16 22 -80 -97 23 0 91 2 -56 -36 -28 68 68 -46 -10 10 -17 57 56 -52 -81 -12 -90 0 93 21 -37 -37 -91 67 
-32 -45 97 -68 -42 68 45 59 30 55 -40 13 -96 -53 96 -91 43 -79 -23 -42 74 90 -20 -14 71 -87 52 -33 -12 41 38 -25 91 10 6 -8 91 -96 -91 24 -12 55 -55 33 -31 57 50 -16 15 -47 -4 -56 -49 63 95 78 95 71 -83 33 -85 26 -67 -80 73 50 -60 -65 33 -85 92 -25 61 83 80 -5 -29 92 -94 -88 88 38 88 71 46 5 94 -79 0 81 87 33 40 16 -89 95 54 -84 83 6 19 -60 93 -66 29 78 0 16 76 -85 29 16 59 38 72 -28 -3 -87 95 40 -46 71 -11 26 63 -6 -30 -44 1 -23 7 -61 79 -34 -21 62 92 74 26 -56 -9 -56 67 32 -93 12 89 -22 -51 3 
87 95 -31 29 73 -80 44 -79 -13 60 85 92 22 -70 80 -45 47 45 -56 -67 -82 14 38 -95 -5 -67 -29 42 -46 -13 75 -12 1 12 87 -89 -52 61 -4 25 -78 -42 38 90 -37 -93 -15 38 1 22 -5 85 56 -97 -54 71 -60 51 -38 -1 -42 87 36 74 9 -57 -60 -77 99 -19 56 15 -98 73 -9 -46 -82 -51 -99 -6 84 23 83 71 21 -19 -38 -40 12 -67 54 94 -61 -69 51 -28 12 92 99 99 -95 -34 -36 67 7 87 -61 -44 36 -95 -24 -95 -55 62 16 0 -15 -31 -46 -59 -40 73 83 52 -97 39 23 -47 -46 64 30 53 -54 77 -5 20 34 71 61 80 57 -69 81 36 -56 87 74 77 -71 56 
-10 75 -98 51 -68 -75 -40 10 -78 4 29 -92 -41 -7 -34 -85 28 33 -22 60 -47 -72 -40 27 -80 54 -41 92 -79 -41 -14 95 93 0 -81 -78 39 -47 55 88 -43 44 53 49 -52 -8 70 -92 17 82 35 66 -25 87 -18 -7 90 -10 -84 75 -99 -55 -88 -24 98 -56 -77 47 -38 44 48 61 40 44 -29 -28 87 93 -26 54 -75 -45 -62 -20 68 -45 -66 -91 -42 -23 22 -86 75 -67 -55 -46 8 2 67 -66 39 -9 59 -14 -1 -13 87 -32 -12 -93 90 86 20 23 -96 -64 44 -26 -59 85 9 -5 37 -1 -13 23 -79 18 -24 95 -24 -49 -38 94 -65 38 56 55 -49 4 -59 15 47 -73 -59 5 47 -46 43 99 
-70 38 77 76 27 -77 -75 -44 51 1 15 59 7 -47 -13 14 -46 -4 67 -48 -18 10 -20 -94 45 -54 9 82 -57 69 28 -26 6 -34 31 96 48 -76 -26 69 -84 70 -91 -62 -57 -25 41 86 29 72 -42 -91 53 55 61 -65 18 -62 32 34 82 -85 48 -81 -70 28 -34 -29 91 0 88 -91 -81 -39 -23 21 91 21 -49 -71 -21 86 65 48 8 52 -40 35 68 -87 38 -17 34 94 -2 67 -81 59 -37 92 -9 -19 89 -3 31 74 -82 -63 40 88 91 -37 -20 -65 -27 -46 -91 8 -44 79 -47 -85 -66 60 15 -49 -52 42 35 75 61 8 78 -73 87 -69 -75 -43 78 -85 -91 -26 -61 1 -60 -59 -66 -44 -87 28 
-79 -16 54 -95 49 5 20 -12 -16 -55 74 -15 -56 -24 86 67 95 96 -75 -55 -86 52 -4 98 -32 57 51 93 96 51 58 54 24 47 -47 -83 26 8 -67 -17 -2 -12 31 -18 -83 -18 -74 -19 -49 89 84 26 -66 10 -22 69 -35 85 -77 15 -35 1 14 86 22 85 81 -9 -7 -68 -37 17 -72 44 -7 -16 -97 71 -23 86 94 -52 -90 -63 -65 -24 13 -58 -5 48 -41 -86 -75 75 27 -71 22 -50 52 73 -80 2 -58 -34 2 20 33 -82 20 -5 -14 -24 12 60 -16 -98 18 -69 -63 59 88 -44 -3 -72 -59 98 -99 46 -12 70 -34 77 -13 -68 -80 -74 -99 48 16 48 47 29 -78 53 -98 -23 43 70 84 35 
-60 51 -77 -87 -31 27 76 68 -55 -39 77 76 94 32 -32 -59 88 31 5 -42 -56 -60 69 -92 -22 -18 49 -18 10 38 -8 7 -62 -26 -23 40 -12 -17 -61 12 -93 -76 -21 -86 24 61 -4 -17 97 -8 -35 -12 -64 -60 -47 -27 71 81 -20 37 25 -90 5 83 -7 -29 36 -95 46 76 -35 -21 -88 -46 88 92 -77 -13 -54 -50 3 -94 -34 -77 79 29 -65 15 15 -94 25 98 91 55 90 67 89 -7 -78 92 28 -95 46 -75 -65 19 -67 41 90 -77 44 -41 -17 -67 62 -70 -43 -28 -38 -25 18 -40 2 50 -36 71 -47 2 36 -56 28 -92 27 12 -34 -56 -70 -71 -52 96 -6 -13 -97 -28 -99 -36 -52 -83 -63 36 
-52 60 -30 -46 -43 49 21 -90 -72 -97 70 50 86 -54 74 29 51 -51 60 -96 -32 -62 7 61 66 79 7 -11 -14 35 32 73 92 9 72 -29 95 31 -87 -60 13 52 56 -26 21 77 3 -91 -40 -30 -21 75 -59 5 38 42 -68 91 -51 -7 11 42 49 -3 -11 -5 1 47 63 -57 93 55 -40 7 5 -1 74 -12 -19 -15 -77 98 -30 -14 -13 65 -95 73 -87 64 8 39 -77 42 29 -93 -33 -8 -68 -99 -25 -16 -17 -16 11 40 81 -55 -44 -57 -61 -12 41 36 -63 -60 7 -83 -89 2 -40 13 -64 -81 -25 28 23 -27 -87 -1 72 65 21 -82 7 85 -40 13 -38 -12 -30 -26 91 29 -19 -69 59 90 -46 15 
94 -40 -88 -47 23 -23 -67 35 -65 10 18 -44 -68 89 -46 38 -24 -62 -93 -39 -94 -89 -18 41 78 81 -23 -47 94 84 -29 21 -78 -85 -83 -21 43 -84 12 -48 -94 64 -50 74 -94 -67 45 72 -59 10 74 -58 -89 -90 -52 -32 -60 -26 -70 31 22 55 -85 93 -11 -21 -74 89 -72 56 42 58 42 -45 24 -43 5 7 -12 -2 -6 87 -48 61 -79 85 -12 -72 -84 84 74 -12 45 5 -70 5 -43 19 -14 51 98 57 48 28 -52 -58 -55 -82 55 -54 84 -75 72 76 17 -12 -38 78 66 34 66 -6 8 32 60 12 98 1 -7 46 -14 -1 -6 8 63 25 -88 -71 -53 -51 -18 36 -25 8 94 -25 -2 30 -67 41 
37 -36 -62 50 72 42 -17 -23 20 -46 -64 -6 13 98 -64 -88 -92 21 92 41 1 34 64 62 87 13 -1 -97 93 -71 -99 14 -73 38 -60 -10 -71 -10 -93 -14 81 -50 -32 92 -60 -61 13 67 -41 -14 -92 36 71 -73 -83 -83 22 40 36 18 -61 -83 -82 79 -10 58 -72 12 -36 50 85 -61 -45 28 -63 -70 17 52 52 74 0 -5 95 0 -40 -29 87 76 57 17 84 -22 -24 -50 74 59 81 -89 83 -75 -8 96 -77 6 96 7 68 7 -31 -78 -54 -2 -93 -60 -4 47 -69 13 2 4 -74 -31 -41 -69 -94 -51 62 55 53 -37 -8 76 -46 88 -11 -30 16 33 -48 -53 94 43 30 50 -78 -51 6 -84 -89 -81 
74 95 -93 -30 97 73 46 91 23 -3 -65 -7 -16 68 -43 77 -15 69 25 -81 -3 19 65 -59 7 34 30 93 -69 -3 -28 -22 0 -11 22 -12 29 69 -78 19 -4 30 -72 80 67 -12 -75 -92 -39 52 68 -18 -90 88 78 66 41 -49 93 19 7 47 82 71 -57 -82 -2 76 89 8 -22 -56 18 23 42 70 2 11 94 19 65 56 51 26 49 -32 51 6 -17 -64 1 64 -25 40 52 -76 48 -23 34 36 -18 -82 55 -95 -3 -64 -45 -35 -85 40 -81 -57 23 62 -74 -56 -21 0 -77 36 -99 -17 -5 -49 32 -9 -31 7 66 3 99 61 22 23 -14 84 80 -81 3 -97 -39 -39 -93 -8 96 -38 94 -50 -9 -2 
-4 20 29 68 20 -5 -6 83 37 31 -85 83 -40 -67 10 39 51 95 98 -15 57 -32 -43 -77 -69 87 -51 -76 -91 4 -30 -66 -19 -39 -33 -2 56 37 86 3 2 90 -14 45 -20 43 -89 -79 -19 74 -82 8 -84 35 -61 -90 7 66 -74 -58 -31 -52 -85 64 62 35 -1 22 -19 90 -40 50 -40 -36 51 13 -98 21 57 52 -67 -42 0 78 5 34 1 52 -61 -92 24 20 -43 37 68 44 -69 -74 69 15 -76 52 -75 -93 -71 82 -5 -74 71 -77 -40 83 -9 75 -61 7 36 -89 99 -6 0 -36 77 -88 -97 47 59 -6 61 75 -39 -45 -89 -56 -37 58 -45 -77 -26 71 98 -81 31 25 56 -29 5 -94 32 95 
1 56 -16 -92 -50 -84 27 -28 17 91 -55 62 -24 60 -81 22 -90 -22 54 98 8 81 -95 -89 -68 75 2 -86 35 -81 -8 99 29 -13 -84 80 -63 -28 80 88 -19 48 -57 -75 84 -5 4 29 -53 -57 -39 -9 -47 -3 -68 -61 43 -32 43 91 46 -41 -3 68 91 48 -7 -56 30 96 -29 47 81 22 54 -74 -71 -46 -14 -50 29 41 43 -15 54 63 -26 -98 -13 -76 35 -85 -10 89 97 23 -95 -82 -94 -5 63 -77 -23 -24 56 -19 88 -28 -81 -92 -8 -99 76 66 58 -70 63 6 19 -77 -72 -15 21 58 -73 -27 18 53 21 58 74 50 -41 53 71 12 21 34 -24 -61 49 45 -64 -39 -80 96 -74 85 5 -78 
36 -65 -46 85 -87 -41 47 92 97 87 -52 23 61 -61 60 11 75 -55 -56 9 -19 -82 46 57 -79 71 81 96 -96 -72 -90 98 -33 86 19 8 4 -79 77 70 -70 -83 68 -70 -86 -46 47 -78 9 -12 -12 26 -82 -46 -86 -43 -72 -23 11 -10 -23 -88 -93 -40 6 30 36 70 -10 38 -17 38 49 -16 35 23 -88 -50 -30 26 -61 -49 -32 -13 -93 -13 49 5 -35 35 -16 31 -23 -48 -17 -8 -32 87 -67 53 57 69 75 38 8 -54 20 32 59 -15 87 -61 -44 -17 -21 2 -62 -70 -96 -48 -81 41 71 61 60 -90 63 11 -82 -11 73 96 23 -15 65 -26 2 -36 62 -41 -4 80 30 71 -35 -59 -19 -87 -82 66 
-76 -35 -60 -95 36 25 56 98 85 -27 -39 -84 87 -25 -12 23 33 -4 -6 -98 -28 -44 22 -94 17 -53 38 3 -79 -81 8 13 -48 85 -49 -47 15 54 49 -60 44 -13 -4 30 47 -67 -88 -36 90 -62 -75 23 -23 98 -10 -67 -54 -94 -32 59 -56 -9 17 25 83 -85 -27 -4 27 10 -67 -24 -60 -46 -51 -78 94 -31 -75 53 36 77 38 -99 -68 -63 93 57 -43 79 95 55 -40 15 80 -7 72 34 79 65 -95 -15 -55 38 80 -19 -74 -65 97 90 -28 39 -68 44 33 -96 -24 61 -83 84 43 -95 69 -33 -86 77 -48 -1 -89 -64 -34 5 84 67 42 -88 -49 -63 -18 79 55 85 -86 -50 -74 -48 -14 -56 -95 58 
-49 -84 -66 -26 97 -62 21 -66 77 33 36 -19 -80 14 94 1 18 67 43 -2 -55 7 49 -98 10 88 30 63 -13 93 48 -30 -16 10 -79 70 -33 -98 52 43 -72 4 68 14 -78 87 -81 -95 99 -80 97 -68 -90 53 -79 47 -79 -94 70 -8 -45 22 -71 -26 0 61 97 57 -52 36 37 -46 -81 -92 -46 42 72 -57 -14 81 7 5 15 63 82 -94 29 -3 43 97 -10 32 40 -42 -65 74 20 42 -4 -46 -48 -43 44 56 11 35 -52 -4 28 -9 -69 15 -39 -21 68 70 -68 83 -47 -91 57 -10 56 58 28 76 -97 -1 1 62 86 51 -49 -83 -37 -21 91 54 -27 -38 8 -3 20 -80 -5 -74 -84 -23 -60 80 
-54 6 82 -85 91 63 65 -37 -77 5 1 -40 -29 -46 88 -84 30 51 55 0 71 16 -24 -67 92 -27 66 -60 -15 97 -87 81 -85 -91 -71 -82 -12 20 86 -28 44 -92 95 27 -30 7 -42 -20 -38 96 35 -63 -72 -71 -50 -42 -40 0 47 -26 36 -38 -18 -79 13 -13 89 82 -46 57 90 32 77 -27 -47 52 -94 64 33 39 19 -36 -65 -93 -65 29 8 -25 65 87 -7 86 -67 65 31 91 -27 -74 -15 -26 -71 24 -98 -69 -53 74 -98 33 -36 73 -44 -80 -14 -79 -32 61 -42 86 17 57 -88 -35 -24 20 -74 35 83 -53 -92 -85 24 98 61 50 -65 -14 3 -22 30 -34 -68 96 -95 -63 61 -18 -65 -79 -60 -43 
-82 -93 -16 -34 88 71 -79 70 52 -70 -68 -74 93 92 -27 -31 27 -76 -35 64 -63 92 -83 9 56 -68 -77 78 71 99 -49 28 -40 -4 96 83 -63 -52 51 98 -99 -21 -84 72 -48 -96 -38 -68 -88 -50 -59 -74 -99 94 82 81 90 85 -57 -79 -58 99 45 -48 93 -35 -82 57 -99 -59 31 53 23 -74 31 -79 -97 -57 -37 -23 -96 11 51 -65 -59 -45 99 21 32 68 -60 -32 27 45 -40 -23 -68 5 -43 -79 66 -16 83 56 -2 -45 -23 -64 -37 53 80 9 56 70 16 63 22 48 -48 -17 24 -51 34 29 97 -15 -44 69 5 0 -47 26 -6 87 78 -63 -72 8 17 37 9 -14 84 62 51 43 73 2 28 -38 
-92 -97 -74 87 4 -58 9 17 -90 24 -94 7 56 61 42 31 0 94 -9 96 -3 26 13 69 33 -93 88 -84 62 96 92 -56 38 -54 -18 48 -89 -64 67 22 37 50 88 -11 68 -11 64 14 14 37 -73 -57 60 65 -24 -69 4 75 45 18 87 9 -72 -99 -2 95 53 8 84 -76 1 49 92 -8 64 -42 71 -69 21 62 -23 -80 -28 80 90 60 67 67 89 -99 -12 81 66 29 74 -34 -23 -5 17 -55 -76 -78 -80 31 63 51 1 -28 51 61 87 63 59 -51 26 16 -14 -63 87 59 55 89 91 -41 -6 74 -49 73 -93 -24 -15 61 71 -42 -67 44 -20 58 60 -37 62 -31 -78 -71 -36 -8 91 -50 -87 31 
50 8 51 82 -47 -85 60 -13 61 30 9 -64 33 32 86 -8 47 95 2 88 52 97 -26 -91 18 -81 66 -44 34 83 -51 77 -26 -4 67 -2 -47 81 2 -97 45 -41 -83 -10 42 24 72 -31 -49 -74 -64 -56 86 -30 -17 49 -27 -95 1 -22 -70 -48 43 -74 -55 37 -62 -68 -71 -15 90 -36 -33 68 44 -98 43 -17 93 -97 -69 -4 -97 77 -8 -85 -61 -54 68 44 -96 -65 -65 81 65 -58 -86 19 -92 -18 -34 -11 34 -65 -1 55 -62 -73 -73 -66 -84 -62 -71 -71 -30 -70 79 -9 51 -19 -76 8 36 -3 90 -38 -91 -48 34 87 57 12 13 -81 93 -44 -15 95 -72 51 -5 -58 20 -65 51 -22 -35 -46 -36 -76 
-16 64 -42 -30 63 -17 -94 -88 -48 -69 54 2 20 -84 -35 -19 14 53 -17 -54 95 97 2 31 60 88 7 36 -13 -86 1 -30 57 -56 90 -77 -11 -72 1 24 53 55 -59 48 5 -71 -45 -38 -20 -25 -13 -45 14 -33 34 -14 27 99 -47 7 -80 -93 1 5 -29 -51 -60 65 91 13 87 -42 -26 2 -39 20 51 45 94 -55 8 87 45 -19 -96 41 37 30 23 -14 -43 4 -7 34 65 -3 -95 -44 -98 -41 5 98 -49 47 -45 -41 28 -44 -86 -32 -15 -51 -69 -38 55 -66 74 -47 -5 -87 -54 -95 -84 -68 -95 -42 -16 -20 -84 -31 41 -80 17 15 45 5 -1 55 -70 -1 -21 -3 -29 86 -2 -98 -65 79 3 -70 
75 86 -40 -99 -4 60 92 51 93 32 -32 -1 -64 -21 26 73 46 67 -15 -63 66 -83 99 49 -58 76 -43 -83 65 36 -60 37 26 93 -77 -20 -77 -50 20 -24 74 -47 -88 41 46 -44 98 81 -70 30 -37 32 -31 39 -18 -5 56 -20 14 -86 32 12 20 -27 56 5 87 73 -42 88 -13 -5 35 -1 11 -85 42 -43 -36 42 37 -72 21 2 -62 43 59 54 -63 27 -75 -94 35 -93 -26 73 90 -99 -19 -91 -40 -36 51 -7 98 44 -99 -59 22 -79 45 75 74 77 21 7 42 69 -80 -20 -16 -25 26 35 -23 -73 43 -44 -37 -4 97 -42 10 87 21 -41 -10 81 -81 -92 87 49 -98 -41 27 36 -45 76 -94 77 
-74 25 -7 -28 57 -72 26 11 34 1 59 -53 47 26 9 -76 -29 91 -62 48 -90 -65 -86 -66 -15 -22 -31 -69 -88 -81 -90 -61 66 -65 3 -37 62 -58 -48 -12 63 4 63 82 19 98 -26 -57 -93 -29 -35 -30 -99 -74 -58 49 30 76 -82 -49 82 54 12 -16 -99 -20 -19 -53 11 48 58 4 -21 -23 -90 -14 94 86 23 41 -70 -16 -56 16 13 -78 -30 -1 51 3 37 -60 -74 -38 15 -60 96 61 -93 -91 99 -4 -45 2 32 -41 -14 -27 15 54 30 -43 -53 -84 8 -78 13 -72 74 -15 62 94 78 -3 19 -57 49 35 -79 46 -55 -53 57 78 -87 61 37 89 -55 -37 92 -78 -73 -63 -16 -44 -69 -70 -21 -58 
52 -83 -4 -79 25 68 -43 -61 71 47 -39 7 47 -64 -68 -97 -73 -61 92 55 60 43 -91 79 -50 -16 -27 95 24 -58 -59 -48 90 -65 68 70 18 93 75 50 -32 -94 -59 -83 6 17 85 83 21 -70 33 48 47 11 -11 -39 87 52 -55 -63 -57 -80 17 97 -76 -61 -67 -21 -78 23 -32 -18 -1 13 -12 7 38 -79 27 12 96 34 -72 87 -93 93 -46 -83 -32 26 -43 19 -51 -70 -54 -1 -68 -4 2 42 80 91 -23 -79 -90 90 -65 -87 -3 -49 -92 26 69 51 89 -57 -43 12 7 -79 24 -92 -35 41 98 -85 -15 37 -56 92 -76 -89 46 38 -99 -36 46 -49 3 23 6 -54 38 -34 98 -35 91 -40 -77 77 
91 59 51 -70 86 -5 -11 -49 -9 -86 -16 14 44 -45 -21 -95 11 69 26 88 39 -74 -82 -52 -42 -52 -43 4 37 -81 -63 -65 8 94 26 46 -26 -67 -54 -25 47 93 -64 -81 -78 -7 60 -76 89 -88 32 21 -1 -1 -49 35 58 -21 33 -85 74 55 70 3 -61 43 76 -43 -73 57 -45 -8 0 18 -49 -55 -66 73 5 -15 -92 57 67 -27 -43 -8 16 5 -12 19 93 31 -6 -25 -60 -7 -64 91 47 54 -60 -67 10 15 74 57 -52 70 2 -51 -61 38 -5 -75 30 -71 -19 -87 57 -84 -26 9 20 75 89 65 86 -38 -99 -66 -74 0 49 -98 94 16 62 50 -87 45 -2 22 34 1 52 13 71 -88 -51 -80 
-75 2 11 18 -28 -60 96 -60 45 -45 -82 56 97 -72 -35 -73 45 -20 -56 1 74 -74 -49 37 65 -22 9 -22 -20 85 32 20 -69 -71 -8 21 32 77 67 -4 -25 -67 52 29 -29 34 -60 14 -37 66 -14 69 -93 -84 92 51 41 78 -64 85 -71 -52 83 -96 -9 25 50 -90 28 87 -50 12 52 -30 -94 68 38 8 70 93 30 -19 -23 70 -18 -46 52 76 75 19 59 98 -77 -4 60 -89 -97 -67 22 -40 -92 72 52 12 61 -20 -25 76 -41 -53 61 80 -75 -66 33 36 -18 75 -92 10 16 24 -58 59 16 -1 -30 -82 -31 -31 -7 -3 18 4 46 24 53 23 3 -23 -8 -39 23 18 -16 53 77 12 -44 -33 
93 77 -11 54 -70 -82 63 -19 -6 -2 -75 34 -21 10 -69 -21 50 40 -52 -38 -44 72 8 94 59 26 29 5 64 83 -53 80 -37 -24 72 -91 -92 -16 -75 12 20 -88 -16 -1 52 -35 92 -55 89 -59 -52 49 69 -36 39 -5 -23 55 -80 -43 -59 31 -57 57 -78 -63 -98 0 -56 43 -81 -78 96 -82 97 6 10 -36 -53 -81 -89 51 67 -75 -89 31 38 66 32 -82 52 -34 13 -58 14 -22 -97 80 -67 -79 17 36 -78 -54 83 -69 69 -62 -92 4 75 21 -18 -48 -6 50 59 73 -73 6 -54 2 49 -23 20 -13 -79 -71 86 -88 91 79 74 3 26 2 -1 52 35 -80 -36 9 23 64 52 -13 -95 97 -2 82 
-15 37 60 4 -63 -49 -63 -12 25 62 31 -16 -3 51 -68 -87 -4 -17 -46 39 -52 -54 55 79 97 -79 30 -89 -67 -91 -87 -40 -70 -32 75 72 -24 11 -89 -6 45 -72 62 -62 -63 28 76 -65 32 -42 -14 -51 -87 55 -67 88 42 -38 97 89 -89 -22 -1 50 -68 0 -1 -24 -22 -85 -53 -42 -89 55 63 61 10 -20 54 -50 14 95 -66 -63 68 54 75 -30 -4 -3 -63 87 -37 -8 -31 93 4 75 -36 96 15 -75 -91 25 -71 44 35 -81 -24 73 96 98 -2 -9 -67 -48 -11 -81 -33 -56 16 21 -1 36 26 -81 49 59 51 -96 5 -13 -30 -58 97 -3 1 40 -22 86 0 7 -95 -66 -53 89 -44 -48 8 92 
21 34 -98 -29 11 13 -97 -77 -43 33 -53 -85 45 -95 35 84 21 63 23 -35 40 20 90 48 75 -52 -21 -83 3 -9 85 48 45 -79 -54 11 -76 96 37 38 2 -45 -24 -43 -71 -24 -48 61 19 -52 -51 -64 66 -79 73 -35 20 81 -92 58 11 99 -53 -21 82 -23 37 -22 43 10 -34 -82 -43 16 -23 27 28 43 -55 -5 -48 -87 -2 94 -94 -30 73 -87 -50 -69 -9 -91 74 -67 -12 38 87 45 21 36 -82 81 58 -87 28 -55 -89 1 37 -82 -83 -30 -6 -46 -14 -6 89 -84 -17 -64 0 49 14 -9 88 -18 -47 43 -90 92 -2 -14 -25 84 61 56 15 66 65 70 -66 -31 41 71 15 5 46 -43 52 -30 
-99 -51 91 -53 87 -40 18 -65 -45 40 -8 41 2 30 -84 -63 -75 99 -77 -60 -82 -1 -47 27 84 68 66 -86 -50 -53 21 -97 -50 -75 21 -6 -12 5 89 87 91 -43 -87 -90 -50 -53 -39 -43 31 44 78 92 -20 -85 -32 -78 81 -47 46 -88 -77 -37 57 -42 8 89 -96 45 73 98 -9 17 -1 -83 -21 -64 -50 85 -40 98 -9 -38 -25 -75 -26 -58 -50 -66 22 -90 -93 94 53 73 -87 78 -68 -38 -67 69 -38 -76 99 77 75 98 -74 88 55 -11 90 -78 -97 -9 88 -12 58 10 -36 43 -16 71 49 -30 -33 55 -24 -26 85 4 18 -29 -50 -52 43 86 50 -48 21 -25 -72 77 -41 55 1 94 47 -89 -36 -28 
70 -74 33 4 -58 -13 79 63 -86 64 22 -26 -83 -32 -91 -57 -68 21 81 51 69 -57 91 -38 81 -22 67 -25 34 -57 24 16 60 7 31 36 12 -19 -36 61 1 1 -67 43 10 87 72 -9 46 69 -71 46 71 33 -9 -14 47 3 22 72 -40 -93 50 -1 -83 63 -60 84 -7 -50 88 -90 -13 64 -74 36 41 -48 -98 -15 -15 5 14 -91 -35 -6 54 73 39 -44 -35 -65 32 84 -9 75 47 -90 -98 -15 -3 -84 -47 -25 63 -61 -90 -12 -6 96 -74 96 -55 -34 -5 59 -75 20 49 -31 -51 -32 -88 28 49 -5 6 -92 89 -87 -76 13 -86 69 16 45 69 -74 -69 -54 -59 39 28 57 -76 -82 9 26 -98 -88 
88 -76 63 -43 -49 89 41 -72 -20 -75 -76 18 -43 84 -94 60 -1 -49 71 78 -41 -56 -8 -74 -48 21 59 -47 -63 -2 -58 -28 -4 -49 -49 -57 -81 -91 39 55 -97 50 -77 -16 51 23 13 12 3 -53 -1 -1 -95 -79 -26 -81 77 73 -27 92 -88 -53 -80 -38 -89 13 88 -13 66 7 -24 46 -82 -71 74 13 14 -36 -72 -87 47 25 -59 53 26 28 -11 -36 43 57 -46 91 53 95 59 46 -39 20 97 -52 5 25 38 2 23 -10 35 -15 22 -53 88 -8 -45 -77 86 -31 -67 -35 33 78 67 -11 57 39 -58 71 -22 -45 25 9 50 68 -93 63 -58 -48 -57 72 10 74 71 -50 96 41 72 -62 -98 -2 -97 -81 
-82 -1 18 -66 -26 14 -60 -47 75 -95 73 87 95 46 9 -42 91 -72 84 -82 53 -98 20 62 -43 -43 44 -80 -50 -25 24 22 -43 9 -54 65 -67 42 56 -92 -63 -66 78 -73 -8 -30 65 23 -44 -17 -77 84 -87 57 -90 -51 29 23 -21 30 51 11 63 -39 -78 40 11 63 30 81 -4 29 39 50 -15 -49 -52 -53 -50 31 -68 -43 -20 32 -46 -80 -34 4 -21 70 27 -84 91 95 49 45 -47 -76 28 -96 -1 35 14 89 21 -96 6 -70 -84 -82 -45 -68 -6 -5 65 22 -85 -58 16 -14 -85 -14 17 -84 -35 -15 33 49 82 17 69 -20 89 34 -60 25 -55 58 39 -24 -11 63 -65 -40 -16 -98 -25 79 -75 52 
-25 33 16 3 -89 27 -43 -59 -40 -20 -95 -17 -94 24 48 -27 44 90 -98 93 26 99 -72 -70 -77 -23 40 19 74 44 23 -90 66 -58 -2 -25 -50 -63 -68 -28 55 -5 7 80 12 -72 18 -21 85 52 37 15 83 30 -35 -73 98 -45 94 39 -13 -51 -55 87 0 95 -89 17 -74 89 13 15 16 29 10 42 -22 -71 70 87 -64 -92 35 14 -40 87 -50 47 -61 42 -9 -85 -63 7 -45 -45 36 -90 57 59 21 -76 -22 -39 19 56 -31 -8 -90 59 -27 86 -76 16 -5 -83 77 58 89 19 97 90 11 -61 87 -1 -16 -95 80 14 12 62 83 46 -35 88 -93 -4 11 36 -57 -30 -14 99 -77 -15 47 -71 87 33 
-39 1 65 -4 -90 73 -32 47 79 56 54 -78 20 -58 -68 -33 -19 -46 35 -46 39 -68 -20 34 61 -27 -69 -83 -56 18 -56 71 97 50 47 9 11 59 -31 -27 6 -53 70 35 -52 48 -87 49 40 -8 70 26 69 89 -63 -69 -73 -1 75 -22 -10 6 -97 71 53 9 4 -18 77 -98 34 -51 -33 -3 28 18 77 -57 14 76 -90 77 -70 40 25 36 -3 -47 84 76 -93 -37 -1 31 37 -80 -54 -34 -37 -27 -34 13 55 1 -6 -26 94 72 82 78 -9 82 -75 -70 -37 51 79 -52 83 41 -63 90 -61 -77 -96 -90 -61 19 26 -53 78 23 52 -34 88 -3 -73 -95 -66 95 54 -88 -13 29 -74 -44 78 -3 3 36 
54 -21 -16 -61 -23 15 -31 -6 -87 -97 -28 -75 11 24 -62 99 -99 -35 -89 77 -97 -75 -65 1 10 48 83 -65 46 82 33 -1 -12 -44 27 -31 40 -69 85 39 -17 19 -46 -87 79 81 -61 68 12 27 72 66 31 -67 -87 27 -93 58 -5 -39 -53 -28 -55 22 -16 68 -90 50 -51 -20 45 -6 -98 -51 -86 -31 53 -19 45 4 17 32 48 -19 -66 9 5 -99 13 -79 7 -97 86 -98 -70 90 14 33 -8 -3 -19 92 13 -14 93 -4 31 -30 -4 -38 98 75 2 94 54 84 44 81 -94 -58 36 -95 -67 28 -56 39 72 -22 46 80 -53 3 -22 56 68 -61 -43 -25 -98 54 -43 71 -87 91 55 -56 92 40 -12 -80 
-25 92 -80 -81 -85 91 47 63 50 -83 28 -99 35 -6 88 -98 84 -32 -23 -20 -44 24 81 59 46 70 75 30 88 47 46 -68 -20 89 -87 -14 -54 97 -21 31 -62 41 -14 -58 94 27 -28 -85 -30 -52 63 33 -11 -3 51 89 76 60 -26 -47 -62 3 -2 73 25 -26 2 9 -32 -57 13 63 -93 -98 95 80 -96 21 -4 -62 6 60 65 -26 -88 58 -51 -27 24 -68 -91 -55 6 -25 74 44 63 21 -8 32 46 49 32 6 -55 73 78 39 76 -87 1 1 -61 -77 65 34 -42 -31 66 92 46 33 30 62 -68 9 81 27 -20 24 -25 16 13 33 93 -33 -8 -2 -81 -65 -16 -28 -71 22 -67 -32 -3 -49 -64 -39 
36 -88 -25 -60 -47 -61 -86 47 -65 -91 8 4 1 9 -78 37 -31 -51 60 62 80 43 13 -64 -41 -60 -22 -51 68 35 84 65 49 72 57 -26 -72 -5 82 -73 93 77 76 89 -6 96 54 -45 29 -59 -74 -68 -99 -81 -65 84 78 -57 20 -4 -46 72 41 -49 62 26 56 77 -64 32 61 -23 -16 19 80 77 21 85 41 99 19 -63 -57 61 -80 34 -1 -10 91 41 -2 -68 -65 -43 -95 35 -77 -12 44 -51 -30 -38 87 68 -31 -12 59 -70 -70 -8 -29 73 55 -92 -75 -33 11 -42 80 -35 70 30 -35 76 23 -54 4 56 -53 20 57 26 31 7 -9 91 -43 -3 -37 89 56 63 61 -35 70 14 -47 -52 64 83 
-76 -66 -65 49 -50 -19 44 35 73 -90 -33 44 -64 61 54 -15 -23 29 -46 79 -76 31 67 86 -9 -3 -38 91 36 47 98 -82 65 36 30 -57 -22 -46 -5 6 96 -48 -97 -41 45 77 36 -27 39 -95 36 -70 -14 -84 -26 96 52 70 -61 94 87 77 -80 1 -53 -82 -76 -96 3 51 31 -14 -4 44 -80 57 64 -35 -60 -92 99 -73 41 -45 53 -20 32 -99 -88 -51 56 -23 -73 -45 15 40 32 18 -60 0 -36 -94 -95 -89 48 -25 -82 27 -68 -89 10 -9 -49 53 9 83 -19 34 -10 85 -8 -18 -17 -26 82 57 -87 8 -95 97 -21 -87 -33 42 -72 59 89 -93 66 -94 96 51 80 -82 66 96 -95 85 -54 -62 
-39 9 27 -79 -77 76 -30 -81 -37 -30 21 4 80 64 -90 -97 -78 10 -38 -68 -48 -7 -61 48 23 -14 -39 -77 93 59 -54 -8 25 60 96 81 -73 -69 39 -47 91 82 -90 99 -83 12 39 48 35 -70 35 17 -75 -14 78 -96 5 26 -63 -82 16 11 -67 -24 -41 -65 12 -1 -72 -57 56 -34 69 -81 79 -69 -3 86 -55 -1 -66 1 -1 -19 51 -19 97 -42 28 -78 91 -72 -55 -51 33 -4 85 84 -40 -11 -4 -59 -94 73 52 -61 24 44 -94 -68 -13 66 4 -50 64 51 -62 66 -97 -14 -14 -35 27 70 82 42 53 35 39 -14 -38 58 80 75 -29 94 90 33 -65 69 -65 5 -53 -71 62 -10 -47 -49 74 -99 
-69 34 -83 91 11 -84 -30 -61 -55 -68 -84 36 -3 -27 96 -49 -28 -48 36 -95 -21 -51 -67 -14 -90 62 -42 19 7 -12 55 51 95 7 -46 69 -3 13 59 43 18 33 28 -15 -51 -73 17 -20 42 40 76 15 84 -86 -6 40 79 89 -44 -52 -67 -52 34 22 47 30 55 -16 -1 -85 -86 53 -19 -8 39 96 97 99 -43 37 34 -83 -17 13 98 18 67 30 92 15 -96 46 5 -45 -64 80 -77 -87 52 -46 26 45 -72 70 -94 -84 -49 89 82 48 87 33 53 34 21 -42 95 -55 18 99 18 33 0 40 -42 7 -4 38 93 75 34 75 -76 -41 -79 -64 96 6 -18 -22 65 -45 -8 -85 61 -10 -57 -40 36 21 
75 19 -31 42 14 11 0 74 -4 9 -89 52 -91 55 -90 1 19 -46 -14 -61 -42 -81 46 -5 77 1 67 28 -88 -51 66 -44 79 -50 22 -98 62 -90 96 -93 -85 11 -47 -6 -77 84 52 83 -23 2 -15 -84 78 -74 15 19 -4 -4 -57 -11 74 66 36 -75 68 67 53 5 95 -56 73 -25 55 40 53 77 -40 36 -90 20 -26 -11 -17 -73 88 -29 0 -89 27 -80 -73 8 46 -56 83 -75 -63 83 -61 11 -97 -41 -53 62 20 -21 -74 37 98 74 -9 0 65 24 -37 73 -44 -88 -17 -63 75 -69 -70 -86 87 -72 19 -9 -26 -89 53 -90 -85 87 75 -75 -19 15 -98 -84 -20 -17 -14 13 -89 -70 -13 -51 -6 -8 
15 -91 -92 34 -20 -53 -77 31 -3 -54 -6 18 -99 19 -25 -5 64 97 -55 -31 -7 57 54 -75 -99 71 -3 88 87 -45 -42 41 93 -22 -87 -57 -47 22 -10 -46 -15 -3 -2 -29 -74 -84 -34 86 50 22 52 -9 -32 16 -68 -91 -66 -83 25 34 25 12 -23 73 93 29 -67 -65 14 -16 -18 88 -86 5 29 66 -36 -48 99 69 97 -32 5 -40 21 -40 34 15 -11 2 76 47 95 11 -65 -59 4 -6 -18 19 79 98 -29 -28 -74 36 77 66 20 2 42 -1 26 85 -9 -59 -15 44 8 55 2 14 10 -10 20 12 -96 -56 68 -19 99 -33 40 21 -30 -68 -95 -34 -53 26 -16 51 32 27 97 66 96 38 24 79 
24 21 43 -33 -9 -24 -89 96 -16 34 -24 -52 35 23 -29 -11 92 7 33 -59 14 85 38 -25 -29 -41 40 33 22 -22 -53 -40 5 -3 67 -6 -3 -95 -23 84 22 -60 82 22 63 -70 66 67 -35 -64 -6 90 20 -32 -71 -21 81 -11 -91 28 31 94 27 -89 -43 36 94 -81 -80 -88 49 -14 91 16 73 -28 -96 91 -95 -21 -88 58 59 38 91 72 45 2 59 37 -72 -48 -21 64 20 55 99 30 8 2 70 2 7 25 -67 -16 -25 -2 87 -11 86 -34 -43 -35 15 -25 97 -71 -24 37 65 -37 -1 26 -45 -48 -12 28 -55 48 -55 -35 72 53 -54 -43 -91 79 35 99 -95 49 26 -78 73 4 -39 47 95 -37 
-36 -61 56 7 57 41 34 50 -49 54 -76 83 -26 78 -46 -99 -48 -92 -94 40 91 44 21 -30 -41 -77 -12 -42 91 16 25 41 17 -19 37 72 80 72 98 -1 -18 -82 14 82 74 0 95 -98 18 -56 -76 -71 34 25 -86 34 -28 44 10 76 83 -41 12 -64 -45 6 -43 46 -14 -48 -57 -91 10 14 -69 -31 -41 -26 -91 -85 95 96 10 53 31 -21 -42 -55 83 88 -31 -93 -50 -98 21 -74 15 -65 -16 -86 11 74 76 70 99 63 23 -5 63 -94 81 35 -11 -5 -26 42 59 13 -40 49 -35 47 75 58 -41 21 -49 50 -9 -63 -14 -4 -83 67 -34 -70 -54 -19 29 32 3 -35 67 -9 92 43 85 30 -48 -21 
-58 -52 85 -36 4 -28 -70 -32 63 -54 17 -63 32 -23 28 -50 92 33 79 -27 36 72 -8 87 -28 -19 -46 65 41 -8 -96 18 -14 -40 -85 -3 4 -51 -4 -18 -89 49 -38 -42 82 -63 -52 92 -99 -82 -2 98 59 -19 22 90 -53 -12 59 64 -57 81 30 -59 51 92 -61 -1 -79 7 62 36 -48 -24 52 -73 -56 40 -52 61 -41 -76 2 6 93 19 14 77 -67 54 -48 47 16 -63 -3 23 -39 56 -30 -40 -74 -88 -51 -4 -50 -51 -13 -4 63 11 0 -58 1 47 90 -10 62 -70 12 -82 -65 -88 -1 40 46 -28 -9 71 56 -87 62 -80 91 7 4 25 98 89 -8 -55 2 -58 -41 -70 -53 47 -38 87 71 -94 
-40 8 -70 66 78 -38 -70 40 -44 71 -39 -66 14 9 -64 28 -73 46 -73 -9 -7 45 -93 -85 35 91 69 18 90 -16 -63 16 8 -57 38 -73 73 27 -33 92 -11 -94 16 -12 -40 39 -74 74 -77 -83 -91 -62 -12 93 -88 -13 58 -98 -93 -2 33 -24 -12 -28 -9 58 58 34 -93 51 24 69 -19 39 47 12 -64 12 -40 24 20 -51 9 -74 64 -16 47 25 -45 74 -67 10 85 50 28 -33 34 -94 81 -42 98 -35 0 41 34 90 78 -48 -65 29 64 5 13 58 -2 -77 -69 -42 59 -1 17 -97 -14 -71 20 22 67 -8 71 88 35 -38 69 -85 19 -12 92 -50 53 -89 16 -84 -97 -78 -59 -29 -10 69 83 -84 
-43 75 55 45 23 95 66 55 80 -96 20 -39 44 81 -86 -85 -71 56 -85 48 -63 -12 86 -11 -7 -76 85 -19 -80 -92 -11 53 99 -34 -4 39 9 -16 -48 -65 77 16 -47 -40 -89 -85 37 20 -12 -21 35 -85 -53 32 -27 -13 23 -76 -51 51 64 -54 8 -7 -86 -80 -13 82 -81 16 99 -21 -32 31 -32 57 41 -49 -98 46 16 30 -55 76 -73 88 28 52 -32 -20 -56 -74 90 -24 -15 88 -31 -38 -61 22 52 88 8 -9 12 39 52 -74 11 -50 -31 60 68 -67 73 -85 39 -54 -36 41 -6 47 33 3 24 -7 39 -7 -85 -52 -12 96 -35 48 63 -18 -38 29 58 14 -8 47 31 -54 51 -55 39 -13 89 4 
-59 47 -16 44 -30 -40 86 -83 -41 10 34 11 -41 2 -99 -26 -50 -42 78 85 -95 64 4 -99 69 -65 71 70 -11 -72 -40 8 -79 22 97 59 -29 18 -71 -89 -14 13 -54 57 -79 -89 88 -28 -27 89 0 45 -80 90 54 76 -53 -57 79 -12 -68 -71 -41 14 -45 -5 -38 53 15 89 44 -32 -4 -8 -75 55 -64 -18 -5 11 75 -60 0 -28 -38 -15 47 -69 -32 -37 -11 86 -92 -17 -7 -76 -65 -36 78 42 -2 33 -43 86 22 -95 24 -2 20 24 76 -7 -36 -43 40 -30 55 35 9 -56 10 61 47 15 83 -65 -39 -7 80 -43 -33 -89 98 77 -83 -7 61 29 91 98 -82 76 11 79 70 19 4 86 -57 -10 
42 30 10 70 45 32 29 65 37 4 -1 97 -63 94 91 -57 -8 74 -95 68 -83 -37 -31 -52 -57 21 -28 -95 -23 5 -31 93 92 -95 84 8 92 -36 -27 -77 -11 86 29 31 -29 -93 34 60 -42 -65 -34 -50 79 -67 -62 -86 -66 70 5 65 62 14 0 -65 -60 67 41 51 -82 85 58 -7 84 -59 -48 -93 37 75 -49 -14 -28 -38 9 42 48 -13 84 15 38 55 -5 -32 -21 -68 -80 69 -66 87 52 -13 72 -27 3 10 -22 30 68 -76 -11 60 46 -76 71 -85 -27 50 -6 78 42 -53 68 98 5 -52 -85 18 -2 -87 58 86 -14 19 -75 -57 43 66 36 84 25 -93 3 -17 82 -82 -91 94 98 -98 38 64 
84 47 -4 31 0 -78 -47 34 -13 -30 51 89 38 56 -75 -67 46 18 -14 -30 -40 97 -47 -84 73 -28 -78 -95 -54 -23 -9 5 12 -98 69 -57 -79 19 82 22 -23 -38 -38 -77 9 34 83 53 78 -85 -27 -27 -70 -39 -24 12 50 41 -26 17 3 40 -82 27 -90 24 92 -64 20 24 35 -12 -93 -63 -89 58 -8 27 3 90 28 11 -63 42 91 -89 98 55 -9 -75 32 -27 8 -39 -68 -15 -8 -28 -25 76 -55 18 -88 92 -18 48 99 41 5 -48 49 -73 68 51 -38 65 -76 39 -91 -95 -5 -43 16 8 72 28 -86 11 46 -94 -49 93 39 42 -6 54 -21 63 22 -99 -5 -43 -37 -84 16 51 -82 -34 96 53 
60 35 -6 -30 41 -30 -83 88 98 19 94 47 -66 84 49 53 -83 -60 -37 2 -15 -66 -58 -73 -2 24 -51 -56 87 26 8 18 83 -66 -45 63 -17 -64 69 -58 10 -24 28 -69 -69 91 -32 -45 -68 -70 -95 15 0 53 45 73 -71 -12 0 26 -76 -87 84 -62 -90 76 46 98 50 -56 32 15 57 39 -60 -16 -17 77 -77 -64 93 46 41 99 -99 -37 44 -56 62 7 72 -72 91 52 -1 22 1 -3 30 -89 49 -75 10 -41 -89 -62 -46 -81 -99 51 77 -55 38 45 -22 -53 73 -69 -94 5 -87 77 12 30 55 55 -9 -75 56 28 28 -93 -42 81 66 -71 97 78 7 91 61 21 13 63 68 -70 11 30 -19 -7 
-93 -56 -53 -67 -36 -24 -84 -3 69 37 -83 -56 -17 -87 78 -30 -17 55 -51 70 90 -88 -88 -4 -86 -52 -66 -92 -57 77 -18 24 -51 61 22 -22 -41 -59 44 29 -75 -81 -47 27 38 -63 -54 65 78 2 -28 84 59 -54 94 19 -64 -34 19 -69 85 -67 73 45 -13 -58 -73 -12 -46 -92 -43 41 91 67 -76 4 -7 -3 -70 -70 33 -21 67 9 -86 -64 89 52 78 66 -86 -94 29 61 -96 42 -79 67 -89 22 -29 -53 44 -81 -63 -22 32 83 22 -28 62 52 13 24 -85 13 -84 -21 -86 62 -28 3 28 -62 10 85 7 67 -22 25 60 86 -34 -2 17 75 31 57 42 60 -6 -72 -33 -83 -90 -61 -58 -18 -37 59 
-21 -40 63 69 -11 52 -63 74 -85 38 56 -41 -69 -7 -35 -59 -36 -25 -84 -78 89 -30 51 -51 -91 -13 -6 -75 -76 -16 -91 -59 -98 81 -78 87 94 -71 -95 -94 26 40 -40 -29 -92 28 -89 -35 -88 -14 49 93 -14 -46 -88 16 85 -13 -91 -77 80 -10 70 47 -19 -65 -87 29 91 -54 29 78 -9 -4 -78 -97 2 -28 42 -81 -2 -64 32 -70 -62 32 62 -19 -82 -89 48 99 -57 -25 73 39 38 11 65 -78 -61 -50 -76 50 -33 -37 99 34 51 60 -57 49 -76 0 -95 54 22 81 18 -97 -11 82 27 -42 -17 31 -94 -65 23 68 26 -46 99 6 -18 -35 -59 -92 -71 89 83 78 -37 -79 -72 -47 39 56 68 -39 
-33 18 -34 -66 -4 -38 68 -16 -19 -8 55 -41 26 15 -95 -22 27 92 92 -8 -1 -6 25 -46 -78 -86 26 50 27 91 -92 69 66 -55 44 -10 -34 -19 -8 -54 -61 60 9 -86 23 51 77 22 -73 -32 -52 86 49 79 -13 45 48 27 -67 11 -80 -36 -5 71 -26 -45 11 7 -6 -68 35 -74 81 36 -12 -5 38 -91 78 99 63 -86 -48 25 -7 -28 -4 -18 19 14 96 93 -24 39 -97 34 -52 54 67 -13 -78 15 67 95 75 55 75 87 -16 75 62 -23 -61 45 4 30 -82 64 25 -27 0 25 31 31 83 2 52 38 -94 -38 -16 98 -1 85 9 35 87 16 -56 -24 -65 46 36 -75 -49 47 3 -34 -50 -16 
-69 -13 46 -2 -50 -44 -70 95 -84 -96 2 87 -95 -99 24 -26 14 80 -76 -31 76 64 77 47 -17 -15 91 -14 98 -92 -37 -46 96 68 -35 76 -67 -75 62 -32 -96 -13 55 25 80 71 -20 54 28 -36 82 -41 80 35 73 90 -2 -58 88 76 -10 77 -24 83 -55 -14 -33 8 -70 90 -43 62 88 36 -98 -69 82 -24 -11 41 29 90 -6 -92 -37 18 -69 -77 82 10 41 -10 -69 79 67 76 -80 -6 -65 -36 -86 -10 -65 -29 8 -23 90 -77 72 13 89 -76 -12 83 10 -8 29 -21 58 7 35 -28 55 -41 90 -40 66 23 -22 -15 94 72 68 44 28 -53 -4 -60 -53 17 16 -25 -64 -86 13 -27 -51 71 -54 88 
35 -67 71 -65 -71 75 -2 36 -89 79 -22 13 32 83 -61 39 46 25 13 85 -83 34 44 -74 73 -35 60 15 -57 -69 78 -64 -86 84 -91 -23 60 70 -34 -29 -94 -20 -37 -57 -18 15 87 68 -4 67 65 21 92 39 -93 43 75 -47 -48 61 -7 -5 65 -27 -91 -60 -95 72 99 -16 -30 57 58 -65 -79 15 -7 -89 -34 61 86 43 43 86 -15 58 -79 -19 -27 16 -73 -85 -47 13 58 -95 -28 79 72 -28 83 75 44 37 13 -31 -74 -70 4 -65 -14 -34 41 -79 -6 -53 -36 98 -51 65 90 -81 0 -66 68 19 -39 95 49 -40 -28 -28 73 2 21 58 94 31 -12 -6 98 -52 -65 -84 79 41 72 54 -20 -10 
84 -81 -70 33 30 -97 62 22 2 85 85 77 37 61 46 -47 40 88 -59 -52 -88 66 14 -70 60 -91 78 -73 -89 -80 99 -22 -18 -46 -15 29 88 -55 -59 33 35 -12 44 -46 -3 95 66 -22 -78 -18 15 38 73 -27 35 -63 -91 36 -49 30 40 -25 -91 -54 -72 -36 17 -78 87 7 -42 46 -78 -93 -52 -15 -8 81 -26 18 -12 -76 -66 39 -30 -28 -98 10 -34 -51 -84 -29 82 -91 -48 -77 89 -45 -86 -96 -77 97 -3 64 -66 97 39 23 76 -33 -85 8 -47 -49 -22 62 -11 -90 -93 44 91 -18 21 45 -50 -80 -85 -14 78 -43 -45 26 -7 63 -48 87 55 20 -59 -69 62 -93 47 -38 -24 -37 20 23 -84 59 
39 -6 72 -65 97 35 -24 99 67 52 -82 97 -71 -90 74 -60 -60 38 -54 75 -76 40 13 -83 40 76 49 67 -64 57 1 -4 -47 -75 -1 70 -79 13 -36 56 -71 -91 -41 89 57 83 67 -70 5 94 92 67 -7 -99 -5 44 -93 -49 -10 -16 -25 81 18 98 -89 -96 46 -10 -6 -11 57 -99 -18 75 -30 -7 57 -23 -38 -7 27 1 -70 -67 -50 -40 -42 -36 59 88 69 -49 -86 12 -63 73 -49 -80 -56 3 -95 -96 -83 98 3 -82 -65 47 72 32 33 -55 57 -21 79 55 -2 -24 -49 72 22 -90 -87 89 -29 59 74 -21 50 90 -27 -33 45 -56 -65 8 -55 40 -60 -14 -67 96 81 83 -94 -2 -86 72 66 -34 
92 -33 -63 -67 60 8 -83 37 72 -48 2 90 67 -96 14 66 -51 25 69 82 -89 -62 50 26 -40 0 -72 -54 -5 -37 68 -11 -77 -48 37 80 87 67 -70 -77 -49 63 23 3 21 34 75 -77 53 -19 -2 16 17 -30 46 32 61 -15 -52 -24 52 81 38 -11 -72 -35 -44 -46 -39 86 -85 -53 -14 -81 -76 -83 -35 0 -36 -60 -59 -69 95 7 -36 -80 73 96 49 -55 -99 -33 74 -59 41 -39 -38 -76 98 91 18 32 57 -41 -70 84 -95 29 28 85 -40 -72 22 -8 53 -59 55 32 11 37 45 95 35 -59 53 -29 -46 -64 -91 53 27 31 15 43 43 -23 -61 26 24 -88 -83 -6 -19 66 -36 -27 -98 -77 2 80 
72 -96 -70 10 -1 -98 83 -11 -54 10 31 -61 94 -90 -21 0 14 -29 -98 -97 -75 -81 2 99 -30 -47 80 -96 -80 -77 33 -2 -23 67 -37 -54 -44 -89 96 -69 -89 36 -26 -23 -1 8 0 -47 46 -74 72 -55 -48 72 54 20 -30 35 38 -15 -75 -39 57 -26 57 64 -68 31 -67 34 98 -94 -76 35 46 -94 -92 -60 -78 90 -43 78 88 -99 -37 74 30 98 32 -37 -1 50 -48 -58 35 -29 -80 -58 21 67 -83 28 78 42 -85 1 32 34 -46 -32 -34 -4 1 -65 -64 97 60 96 44 53 -42 -49 -5 99 88 -16 -18 -97 58 75 94 12 -62 -93 -53 91 -44 29 60 -11 -91 -23 -82 25 -13 -73 81 -69 -74 -21 
-34 52 -49 32 -13 92 25 5 90 -32 68 -10 70 64 12 -20 68 -50 -81 -61 -91 -24 -46 -34 37 67 24 36 -80 -92 45 96 94 -52 -53 -49 72 -41 96 23 75 94 -16 67 70 -28 -88 -50 1 -15 48 76 97 68 -21 52 57 57 56 72 -15 -62 68 -52 -95 28 -92 -49 -33 -52 -12 80 -1 27 46 56 -27 -84 91 99 27 6 -31 66 -69 77 -22 70 47 67 -47 -51 -73 17 -20 71 -30 89 64 -30 -53 51 79 -22 -17 -28 -11 -86 -7 -33 5 -41 -70 -26 71 12 75 52 89 51 79 11 -71 -91 70 14 -13 -49 -38 -67 -53 77 -20 -36 10 79 31 48 86 -29 -89 71 31 -42 -99 26 -1 -95 -33 -2 
1 -73 88 -93 -76 40 12 90 -20 -8 -38 -46 23 -76 96 -26 63 -58 -39 85 67 14 -83 94 30 67 67 -99 -64 57 -36 -94 -27 -20 -60 23 64 67 -29 -41 -35 -56 -64 11 13 -86 13 39 70 51 39 -50 -86 -6 46 -25 11 -73 -1 89 -51 39 -56 -7 -83 -2 -23 -63 -71 11 -95 -5 13 -12 78 -34 -3 -14 21 -22 -40 -10 -49 -11 -23 42 33 93 -68 -9 -14 48 10 7 -31 -15 -8 -18 -13 12 -75 15 32 -39 82 97 -65 -87 19 -78 4 -76 14 23 -51 7 -95 -82 -51 -58 4 -78 76 96 -18 0 -81 -83 -25 -17 11 -34 -35 14 11 10 70 87 58 -94 41 61 57 -39 -65 16 -90 16 -48 40 
7 -11 -68 62 -78 35 -72 -89 -87 10 38 -49 -83 41 53 4 87 66 -60 -55 73 66 92 56 1 -63 -26 39 41 26 49 -27 -29 12 -96 -53 34 47 88 -23 -40 -89 -53 60 -39 -41 -45 -83 20 -72 51 -84 42 -58 -58 54 82 -76 -42 -90 56 6 -1 -59 -26 5 -54 -44 -63 -56 2 -75 7 50 63 52 43 47 0 4 -97 92 -39 58 96 59 50 12 12 5 -66 -3 25 61 -15 0 -22 -13 0 86 71 45 -65 73 61 54 1 -3 7 75 -14 -23 -11 -68 -59 -62 34 10 68 47 -94 77 -98 4 49 44 88 91 -7 1 84 30 64 -78 -3 -81 89 76 -30 24 -28 11 41 82 -23 -56 36 -68 4 -83 
-19 -73 26 -66 -23 22 73 49 8 81 47 98 -76 -42 -15 5 -39 -62 59 20 31 60 95 54 54 -46 -76 -93 -4 63 3 -29 51 45 78 -92 97 -81 -57 -11 -46 62 -38 -43 59 15 2 -56 30 -51 -86 -32 -82 -42 -89 61 49 7 -20 99 -61 -60 43 -99 27 -44 -60 27 85 86 -19 67 -90 85 -8 -87 -21 -54 -83 -98 -63 -2 -3 -73 65 -6 9 -51 -1 16 92 -88 69 -73 -8 55 82 -29 -62 -85 -49 50 -12 -67 -48 -54 9 35 -20 -24 67 46 76 26 61 -66 -58 82 -61 64 -80 -93 -42 -33 -28 15 -32 -20 -41 -60 44 -72 -34 -22 -58 -39 -27 90 -50 -68 -53 -17 0 -22 65 -83 -24 -71 -66 73 
-91 77 56 52 -96 1 -33 -82 -8 -58 -94 -37 16 2 98 -43 -65 -88 -18 51 -5 -73 38 64 96 59 53 -6 -98 -62 17 29 -90 -53 -79 97 -87 -75 68 69 -40 46 31 95 -76 28 -11 57 -61 33 89 -10 50 31 -30 -23 29 -76 51 -66 -45 -2 -69 -65 25 -65 -92 -44 59 36 72 -21 82 -23 -68 -26 39 -89 90 2 -39 -4 -94 -96 -52 -78 46 65 66 -41 -52 -6 -1 -31 25 2 -71 -44 97 -61 6 75 -30 -77 -68 92 -83 49 14 -7 85 77 85 77 98 -45 43 -78 -41 62 6 34 98 -13 13 -39 10 91 19 8 -89 -1 -31 41 38 91 -51 -22 26 -92 -29 -92 93 47 13 0 -78 23 -61 33 
-99 33 -47 -83 32 94 53 -20 99 -5 20 -56 49 -35 10 1 4 98 -45 -18 -53 93 61 -74 -43 51 -69 82 28 -61 84 -33 -72 -3 -32 -40 58 31 -96 -82 -8 -73 -25 -60 -38 2 0 67 -30 7 -96 -56 41 -72 -97 -84 71 -41 -76 -43 88 -66 21 -93 74 -22 -29 -14 12 72 93 25 3 26 -21 -95 35 -64 16 -30 -35 96 -29 20 -3 74 3 -19 -40 -43 -36 -94 38 90 -21 72 6 56 -73 12 -91 52 -28 67 -14 -65 19 -27 28 60 75 -70 -27 62 -93 0 -34 -87 -13 96 83 -90 -58 -39 -49 33 -58 66 -97 -44 -71 -90 2 -29 -73 56 88 -43 -65 -71 71 -6 15 11 49 -37 -74 -80 -55 83 
-27 -68 -58 -92 -56 53 33 67 67 -37 99 -9 63 -47 -10 87 -82 -76 4 88 -2 -14 73 -17 -95 -91 -69 -16 -92 14 -7 88 43 -39 9 -6 -97 99 -57 -47 97 -35 7 43 69 -30 -49 10 46 36 20 -92 7 76 -86 59 -36 63 22 74 -74 14 41 25 55 -65 -96 42 -32 71 -88 76 -67 64 -38 -95 -78 86 -83 3 94 -94 -51 61 -59 25 61 -80 -9 72 13 -4 -1 -88 64 76 -41 -54 44 -53 78 -63 94 45 68 53 -19 83 93 46 92 -44 -89 31 80 -55 -15 -76 9 81 -68 -89 32 -80 53 76 21 -98 20 -87 86 41 84 91 -92 -90 57 -97 -27 44 9 -58 -61 97 -83 -29 16 -95 75 -93 
86 -12 -1 -36 -81 51 -95 -71 84 70 63 -14 49 -53 -8 -42 17 -24 38 -91 63 49 62 54 12 91 -7 37 8 9 -83 -44 37 -85 -23 5 -44 -46 53 -46 -50 26 89 25 36 -78 33 0 92 9 -95 34 -93 22 22 -69 44 -28 -26 -98 54 24 18 66 50 71 -95 12 -61 65 -12 -21 -86 -99 53 -26 -18 -85 -61 -18 -17 58 44 -23 -77 -97 56 64 -12 -78 71 -7 51 -78 36 92 -65 66 43 65 -6 -66 -44 -43 -49 56 78 -50 67 82 -28 -59 -92 69 -21 -1 -64 -14 13 -25 -65 94 3 -58 21 -74 73 83 29 -26 0 66 -40 22 -71 16 -56 -32 -97 0 -67 60 -36 -20 -74 -22 15 79 62 -75 
-80 70 -89 90 -37 -28 -81 -50 -43 82 69 71 70 -64 -65 41 -13 7 23 93 63 85 34 82 -71 42 41 -25 37 94 -52 20 22 -85 -23 -87 -96 82 -67 -55 -2 -81 10 -2 89 -18 -79 -7 70 2 69 -22 -83 -66 51 -38 -63 41 61 40 -72 18 31 -33 41 17 32 20 -42 42 11 27 -2 34 -73 9 -55 -55 99 -75 91 -17 30 -96 -29 89 -66 54 5 -43 -19 -52 49 -48 -58 -88 82 -16 92 89 2 -68 -67 68 -62 35 -47 35 -20 -76 -18 98 50 54 -54 9 -75 40 -92 -35 80 -22 33 -11 -11 -70 54 -31 84 -5 -1 -69 -64 54 21 41 -86 78 84 55 21 62 85 -36 -60 54 -11 -67 -99 88 
75 -86 -56 -68 49 82 -14 -93 -50 -10 50 -43 10 18 17 -98 93 -88 93 12 -52 22 -50 -57 -23 -73 -15 52 63 -50 -54 -65 -11 57 -28 -33 -62 89 43 96 14 -31 6 -48 20 -20 78 75 -11 26 90 12 -8 -33 67 9 -18 -52 69 49 -50 38 -65 -78 45 -80 -48 17 -85 -77 5 -98 87 95 -67 -29 64 -10 -20 83 -2 61 8 -68 56 -77 83 13 59 95 76 -79 -29 69 -48 -63 -99 -82 52 51 -67 -95 24 39 -22 79 31 1 -11 2 -10 23 38 41 -56 -81 0 43 20 63 6 -49 10 64 -43 -94 -88 -66 23 16 9 40 44 -72 -86 55 53 31 9 -5 11 81 -92 31 80 -82 -36 3 -61 41 
77 -70 67 -61 55 3 -81 40 -64 -80 -67 11 77 -67 39 94 55 52 -19 -11 -40 39 99 35 62 -8 81 -43 84 17 36 -39 -61 -51 63 -14 31 42 -49 84 92 -38 50 57 -15 -30 31 73 22 -6 -82 -89 96 -17 95 -49 84 45 9 -35 -93 57 -9 -76 94 98 30 -75 36 -64 -16 -10 -28 20 -24 51 -95 0 83 78 53 63 -1 92 -59 -22 -73 -33 19 -24 94 18 9 -59 82 41 -25 -53 -69 -34 99 -98 31 34 69 38 27 5 13 -68 12 45 -47 12 44 20 -20 57 44 73 -88 43 -14 -46 -88 -41 1 -34 -13 -70 -74 -15 31 0 27 -57 -9 75 98 92 20 -24 10 68 59 66 86 -37 -14 53 
37 -14 -66 81 -58 -2 80 -74 -72 -35 -54 -35 97 14 36 -89 -50 -21 -36 -37 28 -22 -25 26 32 -42 -36 10 -6 78 35 89 5 48 95 13 4 -56 -24 72 17 13 -79 28 -68 89 6 -75 76 -53 91 -30 9 8 34 76 -53 99 -20 -55 -69 79 -99 -69 -61 -45 -18 35 -99 -90 -70 -84 6 -36 20 -2 -98 -56 88 -58 -11 17 -49 -22 -15 -36 -24 43 -91 -47 -3 -80 -53 -11 -17 99 -13 92 1 29 95 -46 -3 98 -79 -17 -1 -39 58 9 -41 -67 3 47 11 -54 -51 21 13 -34 80 -6 87 -68 46 87 -26 43 -87 45 3 87 98 -32 -40 0 -89 -32 84 -75 1 6 55 -19 88 40 -18 9 99 -4 
-23 29 80 80 -33 65 -32 32 -3 -35 4 79 -4 15 -39 97 -56 -50 -59 66 -10 51 -88 65 35 8 6 55 96 -47 64 -91 54 -19 3 58 0 -75 -16 -30 -85 76 -35 8 -41 65 -30 11 13 45 -18 -25 -56 31 10 -20 -91 -97 49 -54 36 7 46 69 -75 89 -22 60 25 82 87 -74 -70 20 29 45 22 84 -8 2 -6 65 -3 -16 -58 3 93 23 37 -65 -92 -82 64 88 59 24 -3 23 20 91 10 41 65 78 -95 -91 -30 68 -19 -35 40 78 -20 -61 -16 53 4 -74 27 46 -85 11 -7 36 90 77 -39 -74 -30 10 -68 51 -18 -95 82 -59 65 80 43 -27 83 63 -91 -22 -67 -46 8 54 34 -17 
33 -70 -83 -91 17 -97 71 -41 23 -42 31 -76 70 89 94 -36 -14 -40 -85 -13 -12 -5 -89 2 -87 14 55 37 67 12 49 49 -38 -24 -20 -12 -82 1 41 42 63 8 -23 17 -73 -90 31 -49 86 9 23 -59 22 63 66 -18 11 -17 -14 13 46 -4 2 -17 29 2 -41 -13 21 87 -73 21 76 -38 -47 -94 -20 52 -39 89 -90 -25 -33 96 -24 12 21 -82 64 54 -1 50 70 -35 -87 58 -65 8 99 -96 63 29 1 13 71 -28 51 -6 -23 35 24 -11 14 -74 -72 -60 -19 63 54 -75 30 -38 8 -2 -76 -30 17 12 98 -87 55 90 12 -39 -16 -38 -78 -65 -62 71 -23 99 -59 39 9 4 -55 95 81 41 
84 -1 31 12 46 -37 43 -74 88 14 -91 54 34 -93 85 -49 54 -33 -88 -77 -78 34 -32 68 -85 -87 10 67 -76 -78 65 11 16 -57 85 -67 -3 23 -83 2 -39 33 -43 -68 -81 55 38 -42 -77 -65 -75 -70 94 49 0 -42 -50 -30 -26 65 -94 -88 35 3 -83 78 -64 88 87 32 -88 -17 65 18 84 -64 -98 51 47 -14 -78 13 -3 -98 47 63 68 60 -14 11 79 26 22 12 50 29 17 10 68 -95 -40 15 26 -64 25 35 -9 89 44 -69 10 68 9 72 60 -6 -37 -99 -54 51 64 0 -6 -83 24 26 -77 90 -69 60 20 -90 -53 0 48 10 89 -30 -71 -13 -92 -90 13 -69 95 15 21 -46 -6 -8 
-64 -30 -58 -67 76 83 22 9 -88 -64 -93 -3 -23 79 95 -26 -21 65 -81 -61 33 -23 66 74 -53 88 66 67 22 -26 42 -94 -2 -31 -2 -97 -71 30 64 8 -73 -88 60 53 -59 6 9 12 12 -83 54 -61 -84 -14 -40 59 -13 60 -46 -51 57 24 -5 89 54 -32 -84 -74 -17 -93 -41 -64 77 -92 29 -69 -30 -4 -53 23 56 -4 -90 -28 40 -88 58 27 -98 -27 42 90 -36 95 -78 16 47 6 -17 93 -18 48 5 7 -25 -14 -87 3 28 -15 -97 55 80 13 68 -88 -13 -41 24 97 -76 -16 -33 39 51 24 4 -40 86 62 62 -26 -12 96 49 -75 79 97 43 -7 44 7 -26 -21 50 -11 75 6 17 -85 
-90 -99 -96 -20 -21 -91 -23 2 59 -16 46 6 79 -61 -49 -87 96 -58 -2 -57 -84 -11 -48 -4 22 57 35 22 -73 24 -61 -83 -17 -36 6 96 81 -33 58 46 48 43 -34 -40 -57 51 32 2 7 -84 -9 0 -36 -80 -26 68 11 -65 -41 33 -76 -9 -8 26 -49 6 -54 16 -28 -62 -96 -86 -68 -1 95 -80 52 -58 81 -21 -14 69 94 -21 50 20 -37 -46 -18 -37 73 66 49 -26 -35 -7 27 36 19 31 83 76 -37 97 -7 87 33 98 44 -72 7 69 -80 55 53 21 -20 -52 97 -32 -73 -90 -28 90 -27 93 -83 43 53 -24 3 -38 41 -61 -87 34 28 -45 19 15 -91 13 -26 -60 -22 27 -13 79 -75 -33 
81 86 -47 -14 -16 71 55 93 93 -50 41 -92 13 -20 -12 -37 -72 87 95 31 94 89 51 -64 -87 67 -28 -28 17 -23 -5 60 -55 95 -66 -35 -94 -74 80 -20 47 -97 -97 22 45 -76 -77 41 29 -67 -35 -82 -68 -60 95 45 16 -63 -12 -66 -40 30 9 78 -57 -85 -16 -32 13 36 -10 -30 63 82 -30 26 -1 46 80 65 -61 -24 42 94 39 -57 86 -16 -68 -84 -80 70 -32 -31 -47 18 -64 -22 22 53 67 55 87 21 -81 -83 29 -72 -63 67 43 -44 -36 -10 70 -19 94 -65 -95 96 97 -98 58 -25 46 -50 -74 44 16 97 -60 -3 -24 -15 -28 -41 54 43 56 -43 73 -52 35 -66 67 -23 -96 -93 -53 59 
89 -88 65 17 65 -27 -2 51 -35 25 44 42 85 33 -85 -53 70 -18 -17 46 24 -91 70 58 -54 18 16 39 72 -4 39 -86 -39 -65 24 -34 96 88 -76 1 34 92 17 -81 9 -70 84 -5 -35 33 12 80 83 -75 98 -73 -12 -10 60 35 -23 -39 -55 67 -85 -97 43 54 -65 -1 28 74 8 45 65 67 -98 -68 -97 -56 -38 28 24 -78 75 63 82 -39 34 66 43 41 56 -18 -87 -51 63 97 86 96 74 31 9 51 -77 -2 49 -83 -14 53 -32 83 53 -60 2 -58 -35 -68 -18 -74 34 -54 -17 -87 -84 -89 -75 83 -7 99 -36 -54 -80 -52 69 45 69 -94 -29 -59 -37 97 24 -26 69 -39 -30 65 -22 9 
98 -44 -46 77 15 6 54 82 38 -19 -55 77 74 50 45 27 -39 53 1 21 18 -35 86 -41 -33 -85 38 58 66 -73 -88 -71 84 -4 -11 -56 12 15 78 79 -42 -22 -4 25 -33 -74 -86 -8 -95 49 -51 -70 28 2 29 -26 -59 57 61 -22 68 -93 -61 -60 -93 38 77 -84 -29 -49 27 86 8 13 -79 8 -9 12 39 22 -4 -3 -99 83 27 12 94 -25 22 23 -94 -17 -4 61 64 -78 -96 -94 -95 26 32 -24 -88 -82 8 -8 16 52 11 -95 79 -57 -32 42 -86 53 -16 -44 -35 53 -29 -56 -35 -25 91 49 93 -65 -27 -88 71 81 89 -36 80 -62 29 -55 -61 -8 -7 75 -61 -34 -63 70 35 41 -17 -84 
-94 65 0 75 -19 64 -87 -2 67 -3 25 61 50 52 8 -39 20 38 -23 47 84 -29 73 33 -5 37 -56 -13 23 69 -48 -84 -63 48 -68 22 -88 -38 23 -16 51 -1 -57 63 74 65 49 -50 92 -76 -55 17 1 -89 31 83 -41 41 -65 -6 82 49 97 90 76 -59 -65 66 56 -10 37 98 -78 -41 40 30 -39 67 19 16 9 22 -47 -57 -6 -36 -56 75 83 -99 90 -29 -8 -75 -18 -8 67 -86 -9 50 32 36 -17 80 -53 30 78 -20 47 -29 -69 -51 -88 -83 -8 -67 84 57 -80 22 -63 -18 -60 -17 -66 32 -63 21 -19 -48 -33 -77 10 -93 -48 -33 -58 -46 58 55 21 -15 -44 -29 -51 -19 -95 57 79 -50 
-45 -14 -3 -46 -66 -85 -60 47 -3 -71 -99 -14 -9 77 -75 -69 -15 -60 17 -10 -58 89 29 -24 3 80 -84 64 -98 -31 -92 -96 -46 42 -3 64 39 -79 -42 -16 -85 -12 -55 49 -44 53 -63 76 30 -23 98 -12 -93 82 84 -16 -93 -5 12 -80 -73 -51 95 84 44 -1 -86 14 -5 64 -9 25 -27 65 10 -68 -99 82 -68 -80 -32 54 52 -72 68 -42 89 34 -94 -35 -88 71 -48 -30 -15 -78 -12 -84 12 74 62 30 -94 52 -82 77 -91 2 -30 91 65 31 82 7 58 73 13 21 -86 -30 14 38 -57 -45 85 -80 -69 -77 -61 -9 17 -65 63 -94 81 37 66 68 22 44 -53 -21 -39 -95 -64 45 -68 -99 32 -75 
-1 10 -67 -18 -36 -28 18 -81 32 35 77 75 -7 -46 -19 -39 4 68 -77 -78 -17 -56 23 16 46 -35 65 -83 -9 60 -81 54 8 97 92 -59 85 61 10 15 -79 -10 -8 -29 72 -62 82 -97 39 69 27 -11 90 -20 4 40 91 46 -47 8 54 -8 -32 -64 33 77 -42 2 23 -25 47 48 17 11 -53 62 -47 -78 -77 9 94 28 -95 -44 -56 -53 42 -89 -97 86 58 -95 20 45 0 -73 -32 -59 85 99 -19 13 -48 -22 -10 7 56 -69 -25 67 75 -45 1 -84 -49 -73 22 82 -88 16 30 -66 55 -92 -48 30 24 -37 -66 8 -85 40 87 29 -36 -10 13 -28 -53 4 -38 -68 -24 1 -7 -6 85 93 54 -32 
46 41 6 -44 49 -89 48 79 -5 68 -70 20 5 -55 11 -55 -23 93 50 -94 -58 -88 -89 61 -22 27 26 -89 -4 -3 -39 -93 25 -53 30 -48 -71 -87 -44 20 -76 49 -24 72 -61 13 10 -43 67 -46 10 58 -79 78 -57 21 -60 -87 -12 -38 -78 -23 -42 87 -53 -66 18 -24 -54 -22 -49 -53 -38 -95 58 90 -40 36 14 -31 -66 68 83 -27 -36 77 -90 26 59 -9 90 -60 -50 -69 -71 88 -49 -65 4 22 33 77 -22 -23 -86 55 -47 38 90 45 -17 11 -32 63 -36 45 74 -15 36 4 -30 -28 72 -51 74 60 -35 -68 97 99 -11 57 -27 -40 -87 49 23 -15 -67 -48 -92 50 6 83 86 -57 -11 8 -49 92 
-48 9 -30 76 -64 14 21 48 71 98 -53 -52 -3 -97 -98 -48 28 -14 -50 15 39 50 63 -78 83 25 14 39 87 85 -55 93 -90 -36 -8 -66 -24 -12 7 74 61 12 -79 32 -70 -15 -4 -90 -37 93 -1 -20 -10 -47 -28 14 -13 40 22 26 9 46 68 -70 -99 48 88 87 -7 42 47 41 -88 -24 -59 21 17 -6 91 61 -5 -36 -55 -90 -75 -18 -56 -6 15 41 25 83 -83 -58 69 -50 56 86 -22 -72 -91 -72 74 -85 -21 -90 -17 1 -34 -54 -23 -65 80 40 5 -49 -66 -47 89 17 -52 -42 -28 65 26 66 76 -61 59 -56 -91 -80 5 -79 -18 -51 1 44 -8 -26 -46 48 -4 -72 -81 -49 75 18 -74 -82 
-75 -66 92 19 -17 -38 -21 -71 54 42 -89 -18 -81 -96 53 75 -47 45 -91 -91 6 14 -15 55 -74 -32 -6 30 34 -13 -58 58 84 -26 36 41 2 35 62 9 -63 -11 57 -31 -38 -88 -17 22 93 -6 58 -6 -4 34 -61 -10 89 -57 88 48 44 -32 11 53 -52 75 -47 85 -74 -21 43 -65 36 82 -76 86 90 -19 -27 -54 -8 13 -46 -17 64 97 92 -81 87 74 99 -32 -14 -68 -39 62 -93 9 -15 67 0 -76 -72 -73 61 35 -14 -1 -76 24 -89 46 18 -20 -82 -13 20 83 70 85 72 98 -1 8 59 51 -38 -68 -49 -20 -74 -25 82 -51 -86 71 -93 19 10 -89 17 28 -87 -58 -10 37 28 -95 79 -72 
32 69 -44 -15 -65 37 -95 57 -31 -54 76 -9 99 -1 58 71 64 1 24 -75 -23 -11 30 97 57 -36 -38 -48 78 10 -90 88 -7 -34 -94 -16 60 18 -12 -40 67 42 -81 -22 -48 -28 -68 49 1 82 53 3 -51 85 -85 -34 35 -22 99 -58 -92 93 -71 15 76 -86 34 -66 95 -2 -66 79 14 -47 -96 -15 -41 -10 39 -29 -68 -47 -54 -56 15 -22 76 70 2 10 38 -60 51 -74 46 4 42 1 -94 -27 -81 19 -72 -24 -5 72 -60 -90 -35 63 -11 76 -22 -94 -77 97 53 -43 -28 -46 2 -74 7 20 30 -28 -77 -62 -9 90 -98 88 -70 85 -40 45 29 -13 -62 53 -88 -57 73 62 -72 78 91 86 -4 14 
40 85 -68 -98 93 36 27 -78 -59 5 32 75 27 -27 88 98 -15 -72 -76 -75 -35 -63 79 -30 -94 13 -29 -84 -12 -94 25 36 53 -28 52 -32 -73 96 51 -36 81 -77 41 75 -63 -28 -21 84 46 -55 29 73 -53 -8 -19 36 43 0 -39 -89 -94 97 -80 37 -79 45 -91 -65 -76 -41 -29 66 -28 -97 66 -92 32 -55 7 -48 -70 89 -34 -80 12 -89 27 88 -3 72 14 -45 -45 70 4 -88 -96 -2 67 72 -12 -17 45 -74 -15 15 66 -25 -60 62 95 53 72 21 -52 -32 -37 6 82 76 -78 56 89 87 95 2 -26 -99 99 22 88 -24 11 45 24 -59 44 31 -12 -17 63 -17 -72 91 -59 -72 85 -88 -16 -32 
65 42 99 -86 3 -25 70 -73 -8 14 42 80 18 53 -89 -55 -53 -14 72 12 28 24 -99 -21 86 -6 53 -41 -90 38 64 -81 -96 -23 -25 98 12 -29 -61 -67 93 -48 11 57 1 -88 -57 -9 44 -22 27 64 -90 -67 -13 85 19 61 30 -72 -77 -47 -71 -64 20 -25 12 18 11 22 -81 47 -1 17 30 94 -27 -21 78 -54 -37 52 32 14 -33 73 9 88 40 89 -67 10 90 88 64 -83 -36 68 -72 -40 -19 64 -67 -7 -93 74 98 -5 -23 -60 -94 26 -67 91 -20 -57 57 36 -57 55 56 -56 -50 69 40 -33 -6 -66 -90 -3 45 72 -80 47 10 85 24 -24 21 26 30 -53 -64 62 49 -24 -97 -78 -52 26 
18 -74 37 -84 -34 57 73 -51 79 -44 -50 -30 -32 -56 94 -73 81 84 -84 -94 53 82 13 13 64 20 17 76 53 -22 69 -38 56 41 88 -2 -29 97 -97 52 6 93 87 31 -4 -11 48 70 -92 79 21 9 79 5 54 17 39 71 -99 -3 82 -42 70 48 20 89 52 -20 1 -6 50 -77 46 -91 -74 -12 88 76 69 76 -37 -98 10 78 69 27 -68 -6 35 -74 99 -95 71 77 -3 85 -82 31 11 -85 30 57 -99 -12 52 60 -64 -10 3 -99 -89 2 -45 70 23 -46 40 73 -9 67 -43 71 -67 -44 -65 28 -90 22 -52 84 88 49 83 -25 -47 -74 24 93 38 -52 -91 70 74 28 -54 10 84 -50 78 47 
22 -48 50 55 -24 47 -23 87 49 9 -45 -94 -44 89 -84 63 -60 -11 52 77 26 56 76 -17 -35 -5 32 84 79 -86 -2 -74 -58 22 -41 89 58 19 -42 68 62 -11 56 46 55 -48 27 -43 -6 64 -2 -88 26 59 -2 12 -49 -65 84 47 88 -76 18 10 95 51 -74 -58 24 55 85 -89 70 -20 37 -72 44 -17 89 -33 -9 84 47 3 -97 -50 55 -90 -77 16 3 -85 -72 97 88 89 -37 -29 -54 -22 -26 60 92 64 -74 -10 40 -15 40 -21 2 -10 -79 -71 -7 95 -52 -18 -18 -24 -30 -30 8 59 19 -70 99 79 -83 -92 -35 -87 -23 15 72 -51 -39 87 18 -17 -91 -86 30 -16 -21 -51 -23 19 -30 -65 
7 -42 99 14 30 -73 95 -36 -31 -64 89 -98 -68 -43 79 -18 77 -61 -90 24 13 -10 18 40 -35 8 -65 48 -96 -23 8 43 -93 -46 32 27 21 12 -48 45 83 -24 -19 -48 23 57 42 36 48 24 93 -7 26 -30 39 84 25 77 -3 -30 -48 -53 -23 48 34 32 -79 15 -40 2 59 0 -27 36 -49 -22 32 -13 90 -41 33 -24 -50 -72 63 75 -54 -89 2 -35 -6 29 -12 -46 -99 -56 -96 41 -25 53 39 -60 67 71 -16 -71 54 -1 83 -9 -5 -68 -80 -26 72 42 21 -51 -57 39 -76 36 -57 -71 81 -30 -57 -57 36 41 3 61 -77 92 24 -98 -29 -97 66 -66 71 5 -68 -20 -88 -7 42 -5 38 31 
-20 -68 10 74 -52 -8 42 -31 -99 -80 80 -80 -51 65 -16 -57 90 55 85 54 95 39 13 -3 -1 53 34 -21 75 24 63 66 58 -21 7 -94 4 -69 71 64 59 6 6 17 53 93 -26 26 51 20 -97 25 39 -79 -98 -24 11 -5 45 48 -96 88 -58 11 21 97 62 34 -76 12 27 -71 42 22 -1 -64 0 60 53 84 84 -5 -37 48 86 83 -51 8 14 -3 -31 -69 66 -6 -27 -12 19 74 85 -66 67 24 99 -39 -21 96 0 -49 -60 29 -69 46 26 28 52 -35 45 88 -75 38 -80 39 -59 36 50 -75 -69 -14 94 86 -17 -66 36 -50 -44 37 -3 99 -32 -43 -33 -65 99 17 67 5 -14 -48 63 92 
84 -58 78 -50 -66 43 12 -16 -29 -17 17 56 53 53 35 -45 16 69 -6 -92 42 61 -53 9 36 -9 64 87 -11 70 -20 65 -33 17 -53 -66 15 -75 13 -70 -7 52 -67 -51 -10 -9 -30 70 33 -13 -28 2 6 20 48 -93 -84 -61 44 69 60 -96 89 33 -27 -42 10 45 5 99 -33 -57 44 -55 85 76 7 48 -56 86 64 -68 -16 -51 78 -98 -7 -15 14 -28 72 -80 -29 -55 72 34 55 9 -39 -14 -80 96 -87 -23 49 -33 -35 -68 -36 83 25 60 -46 2 76 -85 -16 96 -40 8 29 93 -37 -11 58 80 -72 -59 0 64 55 -52 13 36 -85 -72 37 39 -15 -35 -5 14 -49 70 -47 -76 -52 68 37 -80 
94 70 -36 56 -96 79 -85 -82 -84 82 -38 87 36 -10 -13 39 48 -69 -68 53 87 -25 34 67 -52 -47 -19 -4 0 -45 -98 -82 64 78 -17 -45 33 60 -66 34 52 70 -55 60 37 13 -32 3 -8 -47 39 -29 59 -69 78 -3 96 -39 -1 2 32 99 -2 60 60 -22 -26 -71 69 -57 91 63 97 6 -2 22 68 -33 30 -54 30 95 96 -9 -22 39 -90 -60 -26 7 81 -64 -9 -5 -97 -35 2 -64 -60 -63 19 -27 21 2 79 82 -22 54 -65 35 -75 -71 -90 -27 -94 46 -9 -31 89 67 -53 94 -13 -55 24 -8 -35 62 -20 73 -1 19 -16 58 12 25 -85 -37 -52 51 -97 27 9 77 -96 96 -31 91 -34 -79 
-50 -65 0 -39 17 72 20 -25 -52 -45 -3 -38 -77 5 16 58 24 -6 91 5 52 69 44 -59 -19 12 -51 -69 -16 -23 -21 -9 35 12 -49 -72 52 52 66 -12 24 -20 -2 0 85 -44 97 83 -73 50 -13 -98 66 9 -85 -79 91 -42 -21 72 90 -51 58 68 96 64 -56 66 20 -76 -5 -48 83 71 -85 49 40 -24 -42 4 36 35 77 47 -67 19 12 -81 97 98 39 -36 -1 43 43 -59 25 98 63 -33 94 15 -40 -26 38 75 -34 99 56 -37 21 13 14 39 94 65 99 -41 12 -26 -81 -23 12 -81 31 70 63 9 -76 -81 34 13 32 -75 53 50 -26 -76 -49 93 17 -48 92 -78 -60 -18 -11 38 63 -90 
44 -1 86 -28 11 30 13 -97 90 79 -92 -57 -56 51 69 -76 70 57 -87 25 33 3 16 68 36 94 96 -39 70 -94 73 23 -11 -65 8 -43 71 -51 82 96 96 34 -23 84 -31 -74 29 -46 59 5 -90 60 -44 -85 -62 87 -28 61 -49 93 70 53 -86 8 -72 79 -86 -13 -39 80 -82 -11 -29 79 84 -85 60 49 -29 -87 81 17 -8 87 -48 57 76 -51 50 -23 83 51 -97 -39 9 -70 -33 -1 67 75 92 -19 81 70 -63 12 -95 -41 -4 -3 -18 93 39 -16 82 -27 -26 -17 -45 -17 22 6 -12 34 -87 60 -60 59 88 -96 -82 8 91 43 -63 38 34 -79 -86 37 81 45 94 -77 33 -27 41 52 53 13 
-32 10 -62 -8 50 -48 -5 -23 -62 -26 64 -16 23 -43 70 69 22 45 24 -36 91 -87 16 -64 -83 -67 -23 71 -9 15 98 95 -37 -6 -79 -52 86 76 -64 48 20 -13 74 -34 -88 -4 -28 5 97 82 -56 -40 -91 -24 84 71 -29 -47 -76 -85 21 -64 52 -43 -43 -30 15 23 -59 29 -70 65 12 98 -79 -14 -49 17 -90 -28 80 8 -26 -19 -95 49 -87 -46 -17 35 56 17 -42 -28 -35 -75 37 -81 -51 62 -84 -55 -74 -32 39 -8 52 -18 -47 0 46 -31 -85 2 77 97 87 23 95 -64 42 -98 13 74 82 -7 -33 9 -56 36 13 -61 -78 -72 -56 96 -71 67 33 70 76 -94 87 23 -72 63 -94 -95 -18 54 
-5 -3 48 -24 38 -65 -30 82 -28 -5 83 19 17 -89 -41 -19 63 -90 53 -4 42 87 25 -94 69 -31 -71 -8 22 12 10 24 20 -23 -81 -49 86 -11 -14 69 -3 -43 -98 -17 61 -89 -47 -12 23 65 -58 12 -63 64 94 44 13 -88 99 -9 -47 17 -93 63 60 78 70 -17 -88 -76 84 -97 53 -90 -50 10 -94 1 -7 -48 50 -80 -29 66 67 43 -18 50 -23 -78 72 -13 -33 17 18 -73 -42 64 73 50 -31 62 -62 61 56 -18 -76 -83 -35 3 3 -60 87 55 -70 97 41 -42 -21 37 34 -99 -88 55 78 -92 -70 -60 40 60 -76 45 12 41 44 -72 37 19 -64 81 96 -34 -51 24 -48 64 73 -93 -67 -19 
1 -84 -67 -18 -55 -74 58 -70 -65 -25 9 -18 -38 43 57 -65 84 -41 64 -47 10 2 7 17 -76 -27 -94 -49 -92 -99 94 -56 85 -69 79 24 -74 28 92 -33 93 -42 75 13 -96 62 -32 86 0 82 54 -25 65 -92 -32 20 93 62 87 -49 81 -43 51 -26 54 -60 -95 77 -7 91 -66 79 -99 -48 24 -76 61 -56 24 35 -57 52 1 -6 -5 -72 68 -29 33 -6 30 -46 -5 18 -46 -59 71 68 -84 21 51 62 99 -12 -60 -51 56 31 -85 -52 56 -92 -58 -54 75 -21 -39 40 -82 81 -75 -79 98 -18 -91 50 -22 67 44 -55 90 -57 19 -8 73 -22 -49 69 57 56 4 -43 -92 -65 83 11 -39 -5 63 -93 
-94 26 -57 -78 -86 35 69 -17 -95 -66 -86 83 64 -81 25 -68 -37 -50 -46 30 -50 79 29 38 -55 -95 4 54 -94 -82 14 63 -76 28 -42 18 52 -8 -8 11 73 12 43 -62 -82 -23 -15 38 80 -98 -61 33 -37 72 33 55 71 82 -71 44 71 -49 87 46 -28 -55 20 -19 -18 73 0 85 54 14 89 -44 -24 93 21 -42 -53 -1 -53 -5 -53 57 15 -16 -62 -85 -50 -4 -56 -88 -23 76 88 -78 17 -32 18 -4 -58 29 79 -33 -63 -54 46 -84 -64 7 67 -89 -91 -40 -6 -1 -33 25 80 -54 52 2 -59 -88 1 28 -73 -62 -12 3 -98 23 50 43 -25 -58 -9 8 -44 -89 20 -43 -18 31 -98 49 -86 -29 
22 48 -16 -45 -53 -51 -94 -52 17 -99 -50 -37 31 -82 -37 -34 69 23 -62 66 78 -80 63 85 16 27 -32 79 -6 -35 -43 -41 -73 -53 96 -35 -83 74 -97 -28 -79 73 44 26 96 -97 40 55 -83 28 73 -34 -84 33 30 11 -45 27 43 6 -41 47 -61 -55 33 -39 70 50 34 -93 -99 -52 -69 52 84 42 -38 -94 74 96 -80 78 -12 -4 -88 83 77 -22 -54 -82 73 -74 30 -43 96 -5 -14 51 -85 56 -42 -93 77 -4 88 80 -34 -88 75 -96 32 81 -88 -36 -63 21 -81 -57 -16 -68 -88 -85 -10 81 -41 -19 -60 40 71 -20 33 -19 -50 -85 71 51 -91 -4 -34 1 -15 18 -60 93 -84 77 -55 -63 32 -11 
17 -26 21 -84 89 59 -53 29 -94 86 46 -56 66 -18 22 -89 -63 -56 37 -16 52 -82 -68 -72 49 78 7 -95 86 -79 -22 -80 -29 -72 90 -2 36 94 87 44 87 41 85 -40 21 -36 -58 -67 90 70 -84 77 4 -87 -33 63 -92 -73 -96 34 79 72 54 77 0 6 -67 13 21 -87 -15 -14 -98 87 74 45 48 1 68 -37 -22 -95 -86 10 -67 -97 -82 49 -71 -97 0 39 -21 -41 -91 -27 -99 40 97 2 3 39 -95 13 -79 -65 -92 8 29 -6 70 -21 -9 72 -49 -53 -83 -30 17 -73 -15 87 -94 -49 83 2 -68 -51 -96 -24 -62 -1 14 -26 -67 -70 17 -36 -44 48 -92 -81 94 51 24 92 -24 -5 -99 -2 
-25 4 -56 -77 -74 -62 -70 30 -6 -1 29 -4 28 71 -61 -46 66 -89 54 67 -78 5 -1 84 -68 61 7 98 -47 -96 -33 80 -72 39 -8 -12 -44 15 -24 23 19 43 12 81 -61 -90 -43 6 87 -85 -68 27 -54 -93 70 12 -65 89 -56 -98 13 28 55 84 67 -76 -96 70 35 -65 -7 90 13 21 33 6 -67 -70 -86 -91 97 40 -78 2 95 -65 -1 -21 47 50 -26 -19 47 9 -33 78 29 11 -19 -64 -80 15 -92 17 -77 65 -58 -59 63 41 -99 96 30 74 -6 -44 57 -52 33 -63 -21 34 -27 -67 -41 77 -60 96 50 67 -36 60 89 16 -27 -84 67 26 -37 -32 -25 -98 -45 62 93 54 41 70 -14 26 
-78 67 75 83 49 -38 78 8 67 -5 90 -10 -33 -4 48 5 -94 -69 -56 -84 54 -11 68 83 10 85 67 41 43 -31 -10 66 -71 -7 73 11 -64 71 -65 -16 87 63 -15 96 72 -63 -90 -99 -38 8 42 -1 -56 47 38 -88 0 -43 34 -10 91 -55 9 -38 74 53 -68 -87 -40 -43 70 43 -12 51 -50 -47 -59 -22 78 75 87 -62 14 -59 -36 50 95 -86 9 -36 -31 -31 41 -14 18 66 49 -27 -75 47 59 -98 -46 0 -8 -68 -57 -10 52 -51 8 -86 -30 -73 -16 28 20 -14 -8 -23 61 29 -20 64 -18 77 -30 -46 32 28 -57 98 -39 47 -30 59 -48 93 12 -79 37 -31 -25 -71 52 20 -80 80 72 93 
53 -97 -38 38 -81 78 -88 -84 92 56 -29 -56 90 72 9 -85 -93 -58 -62 11 58 -33 -35 -84 -45 -85 -87 -46 52 75 4 -99 -21 -92 71 75 15 92 -45 -88 20 67 -72 -5 -16 46 91 19 67 64 31 5 0 58 56 73 21 -80 -18 -63 3 -68 62 64 -17 79 -97 -25 40 -76 64 -57 15 -25 -56 87 29 -22 -70 -64 32 84 3 -90 87 63 -73 80 17 55 -57 7 14 72 -71 -9 37 -43 -59 75 -54 -92 63 -20 75 35 1 97 46 -89 -72 69 77 -36 -17 17 -77 51 -26 -77 -18 12 -49 18 -91 -47 -92 -39 31 -81 79 45 14 -11 -49 -28 92 12 42 -22 -7 68 -24 -44 25 -58 -25 -94 38 -56 
-52 24 -3 66 46 -24 -70 -48 -51 7 -14 54 -36 -40 -46 67 19 43 14 -3 -47 61 -49 73 69 -51 -15 -82 -35 -16 86 74 98 43 73 72 89 70 88 -10 -93 -79 -82 79 68 -31 -69 34 -91 -61 33 24 -49 24 -13 4 33 3 -70 21 99 -87 -64 90 80 -10 -7 95 -54 -34 -65 -91 71 -3 58 -84 27 -48 -21 -14 -73 -1 75 -41 76 -55 -60 -33 18 -12 71 4 -2 10 91 11 60 7 63 18 -79 4 -93 -88 33 -81 -24 18 -47 36 -36 -67 78 -97 73 -94 52 25 99 -5 -75 63 50 -99 47 -87 -39 -85 -31 -40 -13 55 -32 35 33 61 60 -48 31 -27 -57 76 85 17 24 -31 -5 47 -74 74 
1 69 -40 85 -97 45 -82 -72 -52 23 82 44 -66 7 60 -55 -62 0 -17 -88 -11 -39 -62 -68 -66 59 8 -41 60 -86 -66 69 9 -73 49 89 -56 87 20 -64 -60 89 -13 33 8 -95 46 -35 91 -35 -52 92 24 -39 -52 -39 -6 23 69 -19 97 -77 89 -28 -23 -52 -15 -7 17 -3 -46 -69 91 -40 -92 52 -33 -29 -28 -33 -65 79 38 -43 -90 -33 71 -87 59 61 -96 6 98 -57 -39 18 55 37 57 -81 97 82 96 78 -45 55 25 -38 84 60 -43 -22 -64 -45 41 64 -86 -96 69 -76 51 89 -36 -39 61 32 88 -52 -99 89 -28 -17 -78 36 -65 2 98 57 -42 -11 75 -57 1 -15 95 76 -94 -60 -19 -47 
-40 72 -47 -61 -5 -62 80 58 -77 -63 -12 -12 20 -91 64 27 13 43 85 -86 42 47 74 -34 -87 -52 77 -56 -57 60 -63 3 -88 88 93 -52 -18 -32 63 55 -31 -19 77 32 -11 54 78 -33 -82 -96 37 30 -93 96 28 -85 -32 -27 -39 -92 33 -28 -76 -12 42 38 -1 -53 30 -48 19 -12 -22 65 -53 -10 -82 18 -17 97 87 66 -48 -96 -41 74 75 16 -99 -12 63 -37 -88 54 41 7 -99 13 20 9 -39 24 98 -7 51 43 -28 39 -65 -50 -86 -87 28 -10 22 95 -15 8 89 -45 -61 -95 24 12 -57 -24 17 33 -54 59 7 -87 37 -68 53 65 -76 48 -28 29 88 92 -7 -43 88 -8 50 56 -18 78 
47 19 -50 93 78 -84 17 77 -99 -29 -70 -27 97 69 -99 62 58 34 -29 27 -1 10 20 8 -98 -86 -82 -82 -54 -41 -4 77 -47 3 -75 -70 82 78 -85 83 54 86 11 66 43 26 82 -21 -65 93 28 88 -23 79 -74 -39 34 55 35 98 60 -54 8 95 -67 -64 93 99 -20 -78 77 -76 78 74 26 68 -49 -26 74 -68 -38 -36 -6 21 63 -74 -28 -28 43 60 -43 62 -33 82 30 27 89 -4 -82 -63 18 77 95 -85 87 3 -97 -83 5 79 -61 -62 -41 9 -20 -82 86 47 -32 97 14 -87 70 68 47 -10 92 -99 10 -41 -32 7 84 -69 -59 32 -40 6 -65 -11 -5 -78 84 -3 42 92 -77 -45 30 10 
-43 84 17 -19 -89 -88 -17 5 -67 -80 7 41 -83 -85 22 -27 -29 -54 -76 -95 14 27 63 27 64 36 76 -92 25 97 -64 29 15 2 75 70 55 91 -83 36 61 68 50 96 -49 -44 1 -22 44 -52 -86 25 -55 35 -48 -94 -87 84 -51 -7 -31 -20 -13 99 -15 54 5 56 -3 11 -83 4 13 -47 -81 43 2 -4 88 -92 18 13 3 86 99 -81 73 83 42 -25 45 12 70 98 30 21 -46 -98 3 -80 -40 51 -55 71 93 -84 93 -53 78 -32 -20 -34 -16 31 38 -85 -11 -98 -79 21 -88 -61 11 -34 -20 -57 -73 60 8 -64 -26 69 88 44 96 23 61 68 3 91 71 27 -8 57 39 -5 -71 60 90 -82 
22 -71 -46 -29 -27 32 80 28 -67 31 -16 69 -89 42 29 -21 4 22 -2 78 82 53 -62 -42 88 -62 -16 -32 36 80 69 71 -30 90 -61 61 25 75 -73 -5 8 86 -81 77 -15 -43 14 4 24 -32 31 96 -3 -74 27 -72 37 16 73 -59 39 8 -97 -36 4 -44 32 68 7 -44 21 95 95 -2 91 10 75 -64 -50 -61 44 3 -63 42 24 63 -83 -12 62 48 76 -38 65 -94 -54 74 41 69 93 59 -51 34 90 -68 -10 99 5 -66 -61 34 -83 -26 62 27 92 75 -98 95 47 41 21 75 -39 88 -23 2 77 -16 32 50 -73 -18 70 50 91 53 -46 94 54 -25 51 -24 -17 38 -5 41 51 62 -99 96 
8 77 -73 91 19 69 -62 -45 -50 -67 -5 -6 -22 -14 -34 90 58 59 -52 64 -98 -20 42 73 -81 64 -91 62 -7 49 83 -32 -25 -38 15 -96 -1 54 23 -32 -34 37 -15 -46 41 65 22 31 -16 -26 68 -16 68 9 95 -6 47 89 -18 -85 -80 38 -12 73 98 68 -64 -84 -33 -13 83 35 88 25 -88 -49 12 33 -69 -5 42 -15 -80 36 54 81 -90 45 -93 66 -63 69 96 -66 -12 28 -88 67 33 4 34 -36 77 -7 71 26 46 -86 -37 -59 18 -8 57 -74 4 -67 -44 -6 -21 -55 -61 50 47 5 -42 46 -51 -92 -65 9 -58 10 1 -28 45 84 -3 -78 -73 -77 87 99 10 -18 -53 -31 51 9 -24 -67 
-15 6 -52 91 64 52 92 26 0 -70 -9 -42 34 78 2 -91 -60 61 -37 -61 89 -84 54 19 -58 64 -80 -21 99 -20 56 -35 -69 47 -80 -56 -66 17 20 -38 -73 -73 -84 -93 -43 -83 -76 -33 -70 96 80 78 -57 -23 -67 1 59 43 4 -11 19 -34 -79 -93 -83 76 15 -92 15 69 46 -86 84 3 -28 -26 -2 -17 77 0 -13 -65 -28 16 -8 6 78 1 36 -12 92 -88 83 -96 41 40 75 -81 -86 -88 -82 -61 83 -24 -62 69 24 -13 -4 -89 78 -94 51 -85 82 -87 0 -88 86 -56 -3 -84 52 -27 48 81 3 -8 19 -57 -17 -32 -8 -19 48 -73 49 14 -92 89 -46 67 30 2 18 -5 -7 -20 -72 -88 
-35 -62 39 -89 49 9 -31 73 95 -74 84 82 89 -49 -30 -61 -24 65 37 -54 96 -46 10 51 2 -63 88 29 -6 32 -60 13 -8 -92 -27 41 -20 78 10 82 -62 -55 -60 -47 41 -90 -43 -3 2 -52 61 -13 -66 13 -73 15 -43 7 -90 -37 -84 -5 18 -75 -23 2 25 -65 12 85 -94 55 10 -80 -77 61 -91 -87 -8 90 -88 -5 -41 -7 -14 67 6 34 4 -88 -79 -81 25 86 20 45 19 -17 -86 -47 55 91 -38 -92 33 -29 29 64 57 43 -9 -66 -66 25 47 -5 -64 79 52 67 -62 -12 0 -71 5 32 -81 59 42 -95 34 -46 -13 -6 -34 20 -96 0 38 18 -14 29 99 -88 -90 -59 66 -42 -3 88 
97 -3 -52 87 -62 29 -92 -52 -6 -79 25 69 54 -39 -84 17 -8 27 -99 53 19 -2 95 -56 24 -48 18 -58 24 -41 10 -66 -81 -8 14 -16 63 -59 -51 -19 -35 68 21 -69 57 59 71 -82 1 -8 -52 -30 25 80 -15 62 73 -69 -70 -50 24 94 22 -56 -8 1 -44 41 5 -26 72 63 -39 64 -17 41 82 38 10 -62 80 30 -60 -84 48 -21 93 68 50 -36 -73 10 44 28 41 15 36 83 73 34 95 -89 -11 8 -74 -89 -28 98 73 99 54 -56 -88 -32 -15 9 21 8 83 -51 32 -23 -55 -28 56 82 77 -27 83 58 -68 -75 64 -78 59 -31 -6 -68 96 53 83 -24 23 48 60 -6 -51 8 -84 -18 
-14 74 -43 -35 54 -36 -46 98 -5 82 -1 -53 3 96 47 -70 33 24 -10 -95 63 35 25 -63 17 -16 -7 51 -84 -39 55 93 -35 -57 13 -23 87 -51 50 6 -11 39 61 -85 64 -24 -35 -2 75 -12 -36 -94 17 55 -65 40 18 -99 -22 50 99 -20 -2 -99 23 -52 53 29 -49 -40 68 98 83 -36 -19 -95 70 -25 93 35 -83 -37 96 84 15 -2 5 7 -58 41 -33 -23 41 -38 -49 55 40 18 -1 39 -18 -22 -82 -14 14 -33 66 91 -91 -88 -3 -91 77 -34 16 -82 -18 -78 -48 74 42 -43 -74 -69 -93 29 -18 -60 -76 -23 -26 50 -7 55 51 -6 -58 -41 12 -62 -55 74 -87 -36 22 97 -74 -47 14 -68 
-56 -95 -57 -79 -58 -6 32 4 -92 59 35 18 14 91 -59 8 47 -18 21 64 38 82 -79 -97 -77 12 77 -24 33 1 54 -83 90 96 90 40 64 92 47 -63 24 -76 50 69 67 82 32 5 48 34 -45 2 39 -77 15 -46 -76 -13 4 -49 65 9 -91 18 -70 -70 -65 -92 9 93 84 -25 54 89 77 -66 72 84 -68 85 -24 66 -10 59 -93 -86 -52 -39 31 -61 -36 -67 82 -46 33 -25 93 -45 -95 -8 -66 91 -65 -66 -32 74 35 -74 -84 -26 -19 -9 -90 -64 19 -10 59 -36 91 78 97 26 52 11 6 79 88 94 -13 -63 -91 14 -36 17 2 -78 87 -98 58 -35 54 23 -69 -5 -5 72 74 -24 45 -36 
42 -27 24 47 23 -71 -83 -55 -38 46 26 50 97 12 79 84 42 85 75 15 53 -62 49 -72 34 -94 -64 29 -7 -26 35 92 -40 28 -69 -98 -39 38 -41 97 17 -92 -66 -22 86 -6 -23 20 14 -67 -77 -80 60 -28 -62 20 -98 -70 -86 41 53 -17 -36 24 -40 -41 96 64 -44 -98 -58 49 -72 23 12 -16 61 -72 76 10 -40 67 -11 -27 -80 54 8 -82 36 -69 62 16 -69 69 -90 6 -31 -44 31 -83 -30 -61 -63 52 95 26 -83 33 94 -41 -16 -95 95 95 59 45 -15 80 -75 84 20 53 -89 32 47 -88 25 63 51 -21 -7 49 -86 -22 -63 -4 55 -14 75 14 -16 9 -95 95 15 -52 -25 -95 70 12 
-85 -37 3 61 51 29 47 -9 -77 -51 -86 96 0 68 -24 -75 99 -6 -81 85 -62 -28 -13 66 -96 7 3 -54 -85 37 2 -40 17 -40 32 -88 59 58 -37 17 43 -41 -53 -36 58 -90 92 17 66 15 -10 76 -46 -54 -88 27 3 40 -54 -13 20 20 -82 -35 -10 41 -77 63 71 64 65 78 12 1 94 98 -41 -3 87 -32 69 -7 -24 49 59 11 -62 34 75 -53 -2 93 14 25 -70 -93 -9 -4 -22 -66 94 20 9 83 21 -95 40 -51 -84 -43 8 -94 -75 74 38 98 -27 -1 3 70 -65 -40 6 29 -9 85 3 40 -40 -99 45 -76 66 -26 -29 -12 -18 -50 5 48 -73 56 49 32 29 30 -9 -28 5 -30 
99 -64 -87 -76 -66 26 -42 60 87 71 40 44 51 7 -70 -37 85 19 19 -47 -40 -34 -82 -4 -81 10 18 -9 -19 -76 75 12 59 77 99 -65 -14 0 12 -36 -23 -77 -22 16 -40 -66 -74 -58 -88 48 -78 41 87 96 22 13 27 -95 13 8 -4 43 -87 54 84 9 -95 -80 -38 43 -95 -59 -74 14 -27 -5 -38 77 69 -35 -87 33 -36 41 5 -3 26 -88 -79 17 34 54 50 -84 -85 84 -83 66 -69 8 -28 -6 -63 77 23 -62 86 -96 49 82 -92 -43 -66 35 91 -59 -94 -30 -68 -82 -96 78 -26 56 -18 62 -34 -23 -26 -17 33 88 19 36 -56 -9 61 73 35 -65 11 -26 55 54 95 -51 45 -11 29 62 
44 -98 -18 20 50 -80 77 -15 71 -84 -84 2 -31 -16 79 43 53 15 -25 3 10 -30 74 -60 -52 17 28 -69 -78 -65 69 52 23 49 -9 -14 46 47 56 -53 39 -15 -95 75 45 52 93 -62 34 -16 36 7 14 79 42 50 -8 -6 63 65 8 -54 -75 -76 75 -17 38 93 -94 18 -66 -6 19 24 -86 49 66 83 43 -44 71 35 29 10 -93 -22 -29 73 18 -65 48 61 -25 -42 -42 14 77 81 30 42 81 -70 5 92 -48 43 73 -40 84 -46 -37 40 -24 -93 -63 6 6 -35 77 78 69 95 -58 -77 -12 -96 -57 -97 -51 -7 47 -53 85 58 46 81 77 79 3 -86 46 -48 -56 -63 60 76 58 5 -97 -23 
-20 -43 -38 -56 -4 -63 -38 -65 -11 47 81 20 34 -34 32 88 -59 24 65 81 -41 39 83 -41 95 -28 38 -95 -20 -38 39 93 -80 -99 8 8 74 -68 -63 72 80 -11 -74 -57 64 -1 13 44 -11 87 94 -18 -14 52 -75 -35 30 -86 -89 -83 -79 24 66 -1 -94 -77 96 80 51 -8 47 -47 57 -28 54 -9 79 -74 -3 96 29 19 -91 65 62 -55 3 97 77 -72 -60 -95 -3 83 -93 70 3 18 36 -23 -60 47 99 -31 81 -4 64 -27 88 69 -38 36 -74 -53 62 -42 85 -29 -52 71 -32 -90 -11 74 22 -51 27 81 93 9 -54 -41 36 80 -38 78 21 87 -55 -47 -22 -80 -35 32 81 37 -56 -9 29 -61 
-5 -21 -96 -62 -21 -94 -16 99 42 -92 -40 31 65 -20 29 -46 -92 74 50 -36 25 84 61 -10 25 -44 68 -13 32 69 -6 29 -73 87 36 68 -22 96 92 9 10 -2 41 -99 -36 -63 -85 52 -53 41 -43 -81 -80 -56 75 -18 42 76 -89 98 -34 -94 44 -47 -27 20 36 76 38 68 94 -43 18 -14 -36 62 36 -50 -71 41 90 76 -87 75 8 -38 -4 -67 16 4 1 -87 -99 -21 48 41 23 -90 -78 16 38 80 62 -50 -44 6 -74 -32 3 96 87 -2 19 -35 -56 95 -99 41 5 -23 58 -32 63 36 51 59 -72 52 10 79 66 -78 -59 -25 25 -56 50 -6 -99 89 72 -23 -57 -74 82 38 -5 -33 -16 56 
-54 -68 11 69 -66 14 48 80 4 5 -1 -12 50 -19 -68 -7 22 -62 -30 99 -27 62 -81 -12 57 44 -16 33 -91 -70 78 -69 -87 57 -8 -93 62 -3 23 -81 92 -12 -32 -80 98 -57 -75 -85 -18 -97 99 -45 -31 -27 34 90 -63 -98 -29 -54 -33 -32 -71 -33 -39 96 84 -33 44 47 -11 -44 49 -96 30 -9 42 -92 -90 27 56 -75 29 -90 -62 -16 -74 78 8 8 -26 54 39 81 37 -26 -99 6 73 -81 63 32 -92 -9 55 52 -37 23 -13 -90 56 -99 66 97 35 11 -52 66 36 86 -56 51 71 -81 80 11 48 48 53 78 -78 -96 8 11 86 -95 -23 -98 97 80 71 -89 41 -30 94 -36 -16 -27 52 57 
-23 -21 -32 38 -21 23 94 11 -26 -84 88 62 20 80 40 -86 67 11 63 93 -88 -64 -20 -90 46 37 -46 97 -73 -32 -18 -64 74 57 74 99 21 -23 39 -87 42 30 64 -76 -66 -16 -38 62 -98 -81 -23 -36 -47 -96 -83 -20 -55 82 55 66 -31 5 76 67 -21 -96 -41 16 -53 -63 -56 55 -95 -62 -79 57 74 -48 27 83 84 -8 -40 -91 -41 -39 -88 30 74 15 -40 -49 53 93 -72 -44 33 -99 -63 -49 -87 -87 -78 24 90 95 -13 -54 -30 58 84 45 1 -39 -69 -91 -53 -75 89 13 -34 11 28 98 -70 -37 -73 23 28 29 56 -76 -20 70 -19 46 -71 -64 51 94 -24 -23 6 37 -40 20 61 49 14 -10 
35 61 -15 67 83 65 -69 -23 -67 -93 95 -20 44 -39 66 -24 11 -29 -39 90 38 -38 -5 -50 4 -93 69 43 3 90 19 -88 46 52 -60 -68 46 -83 66 19 -3 57 21 85 44 -21 -72 -22 -99 83 -11 -72 58 97 75 -89 22 81 -55 19 28 -48 89 99 -49 -4 90 -24 -57 76 96 -84 -31 -24 -28 58 49 38 55 -52 -41 -21 30 55 48 -14 71 33 -63 27 14 -94 17 97 -49 61 -33 -61 -27 -40 25 30 75 -53 49 27 57 -87 56 44 -77 -30 17 52 -15 -17 -73 -7 59 -52 -21 17 -98 -44 -79 67 59 -39 -16 -56 -15 94 -79 -62 -96 -41 -91 -12 -46 76 -86 63 6 -71 92 -31 -56 92 44 -75 
-63 -40 -4 -4 95 47 -25 -61 -20 77 73 90 -20 -77 19 -98 -6 -22 -93 -43 73 -64 31 57 65 6 -68 -62 94 38 96 71 -31 59 -36 61 -11 -8 71 1 -34 -72 56 11 4 13 -19 -5 -92 -46 91 47 52 -43 46 14 26 82 7 -92 -71 -18 60 38 20 -22 11 -74 -96 -21 25 6 -41 73 -15 -5 61 4 -73 18 97 -50 88 62 -41 66 -89 -43 -5 -90 -92 -43 30 -83 18 -5 -38 -58 -95 -6 37 -57 50 17 -16 -54 -59 32 27 -54 98 44 -6 8 -59 -91 -49 -1 -68 -99 40 -68 -96 76 -82 -89 79 -36 -17 95 -2 79 -45 -36 39 87 70 -12 -45 48 39 -90 -43 -46 -40 19 11 73 -81 -30 
-52 71 62 41 79 -79 -6 -83 -73 37 -42 37 18 77 29 -55 -11 -73 62 -44 -16 -88 -82 32 -62 -80 -74 -66 -11 49 44 66 -20 96 34 -26 66 87 65 -25 46 7 -31 -85 -55 49 7 -34 -96 -23 93 87 47 16 -63 41 -38 -88 -48 53 6 -12 -56 10 -22 10 -51 35 48 39 59 -14 76 45 -84 98 -81 98 36 -18 -12 86 -91 -6 -72 -76 29 -1 39 -73 -15 18 -78 -31 -26 94 -65 34 -91 -43 -54 -4 -2 -64 15 -50 -50 -42 -17 61 -23 13 -64 90 -3 52 -89 18 -70 -3 -32 -10 -15 -53 92 28 3 -22 56 47 -61 -83 -86 30 -22 -35 -91 -13 7 -64 14 13 -80 46 86 -45 94 -20 -91 66 
45 -19 -73 -81 78 2 39 -25 26 -56 68 21 -56 -81 -53 -43 -46 -9 26 -20 -76 -2 34 9 61 -63 40 -56 59 -36 87 -8 -25 -41 55 54 -80 -35 76 87 29 26 -98 91 -36 84 20 66 13 -77 -49 -33 -2 83 -86 52 94 17 14 86 -75 -76 50 32 73 -23 -44 92 -72 -50 -21 -10 -73 5 -32 66 -11 86 52 -9 84 -83 3 -58 -61 42 57 51 -49 -41 86 90 63 -74 75 41 -59 -66 2 25 64 37 -93 -57 5 78 20 60 -64 -39 70 17 -69 -45 -51 93 61 -79 70 53 -83 84 -84 -53 17 -92 86 -89 -57 11 -37 -92 -60 47 -50 -54 63 34 86 -7 65 -94 33 16 -1 -30 -22 -85 -23 -11 
-65 -74 88 -46 -31 44 85 71 80 97 -23 56 60 22 92 -43 -78 45 -49 -51 -72 -68 25 23 -20 -32 66 91 36 93 -14 -58 42 -96 -41 -69 7 8 30 -63 -4 79 61 -55 -83 -80 59 96 -29 46 62 67 21 2 -30 44 81 -62 43 -17 -8 45 11 59 -6 -86 -75 -19 -80 -68 70 23 -11 -76 -85 19 54 -39 3 -29 6 80 17 13 79 78 -75 97 41 71 65 50 -79 26 -5 -64 63 -19 42 -84 -37 -65 99 42 97 83 94 98 -97 15 -42 40 -76 73 -18 8 -98 -67 81 -25 -33 89 -85 -53 43 -38 82 -38 -88 74 9 82 -45 79 75 65 -26 -93 -52 34 -48 99 35 29 20 23 23 32 -15 20 
-90 -68 34 -46 -18 58 64 -56 -87 -61 -12 88 -10 -75 87 6 -43 59 -17 67 -28 78 -43 4 30 78 27 -83 22 -82 24 75 -35 78 -37 -47 -77 -53 -53 46 71 -87 43 -97 -60 94 -96 -46 49 -52 89 90 -25 81 76 -99 -14 -23 -19 -64 14 -48 34 -16 98 14 -75 3 85 28 -1 -88 -80 83 76 90 22 -34 30 -57 29 -10 -36 25 75 -37 61 -38 -96 11 81 17 22 70 -69 -46 29 74 -81 -43 -13 -94 81 -49 -58 -88 -28 70 -43 81 30 62 -76 37 -48 2 97 -74 -70 -9 75 5 83 66 -18 -66 -85 66 20 64 -68 -35 -61 -56 69 -60 23 21 69 -85 56 33 84 0 -16 -78 25 65 -80 -60 
51 -30 -27 98 -16 51 47 2 25 97 -49 -83 -71 36 -6 -65 -16 27 45 90 85 54 66 25 27 50 -15 -95 58 15 -31 -98 -48 -5 -49 -79 24 -79 -24 4 -63 31 7 93 -75 -81 -26 7 61 71 -18 12 60 85 2 85 -37 27 -65 -31 -4 -86 -18 87 -55 68 -49 -58 79 -62 55 -26 -9 69 -14 41 -2 11 -65 68 -24 99 58 -16 -89 -95 38 -89 36 -63 64 34 -26 -45 52 14 29 57 2 -10 79 -40 -12 -10 -32 -96 76 -99 -10 -78 -49 -49 33 24 22 26 27 51 -28 48 -57 17 -70 81 66 48 78 -68 92 -40 -75 -7 30 -98 80 -94 -24 -85 33 93 11 11 -19 51 23 -1 -86 39 23 -10 
-83 -40 -80 8 3 20 -58 37 2 10 -9 -55 -50 76 22 -14 -17 7 -96 -88 14 -30 26 -44 -87 85 -62 66 -34 25 17 16 -16 2 39 34 -44 -29 1 -24 6 -8 20 91 23 94 -50 -19 47 -32 -25 -71 7 8 -97 -71 -24 92 22 -57 -54 6 -13 27 -98 94 87 0 15 34 45 -24 16 39 23 13 -5 -38 18 -76 -86 36 4 -11 -28 24 56 -84 65 67 38 -37 71 -73 -12 91 26 -73 -90 11 -8 14 28 -34 10 -1 99 -70 86 86 -91 -4 96 35 25 -54 71 -19 49 96 -82 -13 51 -25 6 27 89 89 47 -74 67 -21 1 -26 41 83 -63 40 -40 3 0 15 -67 -89 95 70 -54 39 8 -89 
95 -3 -42 65 -70 -13 -68 80 82 -35 -78 17 95 -25 99 25 34 -58 -72 42 -43 -28 93 43 70 1 -63 47 22 -67 75 19 75 -69 -44 72 -1 67 93 -76 59 66 65 -13 -87 22 69 -11 -19 93 2 -79 67 -21 72 72 -12 27 97 35 51 9 24 -1 -76 -18 -28 15 7 -59 -8 99 76 -61 39 -94 -35 28 41 -57 27 30 1 57 -83 80 -28 25 56 6 -27 -82 -42 10 -80 -93 -52 -35 -75 0 -38 -45 -40 -18 -45 -29 -8 -33 -38 56 63 22 13 24 78 -7 68 -96 -42 -50 -51 -17 28 -46 85 -52 58 42 -65 91 17 -82 -56 85 -40 71 -92 35 -90 -92 25 63 -82 79 91 90 -29 -56 -1 -33 
-61 9 26 60 1 -40 95 -81 43 32 -25 35 -52 -89 44 4 19 -7 -86 -86 96 44 47 -81 -34 68 -52 20 90 97 82 56 94 91 69 -34 -67 -36 46 40 -51 -82 96 57 90 -63 -52 -2 16 -8 -47 91 80 62 -23 -4 -61 -82 52 -2 -44 -66 0 0 -65 -33 -9 76 11 -31 22 -84 40 -40 73 13 -73 55 67 -21 18 -2 96 98 7 -72 75 56 91 -70 -23 16 -33 -67 -41 93 -62 61 51 34 89 -22 -24 -53 27 -28 97 42 -1 -54 -14 52 -40 8 -8 -23 76 -19 -40 79 -48 -19 -50 36 -97 -87 -49 -12 14 94 71 -64 -1 58 27 -38 5 -16 -88 -71 41 71 -27 76 9 75 -64 -60 79 11 
26 89 59 -85 -39 77 -11 -47 75 67 56 33 3 50 -86 -50 42 16 -56 67 36 13 18 87 -76 -38 38 -9 -17 -84 -33 -17 53 64 45 64 75 -42 12 40 26 -45 73 -15 76 73 37 84 -65 -83 20 38 -97 19 25 -16 43 -97 19 -64 12 36 -58 77 -60 -11 -24 -22 -79 -1 -39 -82 -61 -43 -64 -57 60 -2 -14 25 52 18 -2 64 77 76 27 32 49 -66 6 -22 73 -82 61 -90 -97 -63 45 -89 -82 3 -35 56 42 -52 79 23 -41 -41 50 -50 -2 30 80 92 -44 -46 0 -30 -41 -32 19 59 -26 62 83 21 -34 72 9 -16 -69 8 17 -70 -16 -94 -59 -27 11 -19 47 47 -53 -98 -41 -28 -12 -63 
-18 -20 99 -37 47 -96 3 85 36 -81 39 23 -2 5 71 29 -25 79 -73 -78 -22 4 94 39 -95 68 87 -98 77 59 -7 -18 -14 95 15 -60 53 98 92 50 -15 94 28 51 -53 75 -43 -53 39 6 46 -93 33 2 -68 81 -54 -83 -91 -97 67 -21 -17 -77 2 93 -55 -69 22 -70 13 27 -1 3 5 49 65 94 27 34 -96 39 77 0 -80 -83 61 -97 85 -83 -15 -19 18 -45 2 32 -60 -98 42 65 -2 80 -32 71 -23 28 -77 87 29 -51 40 30 77 33 -42 31 65 -14 36 -93 60 -58 35 -3 89 -82 58 60 -18 -87 3 -95 -69 84 -3 -33 62 -1 45 30 94 -7 58 24 55 -54 13 -26 -38 84 
-10 99 58 -68 37 88 -87 -28 -19 -48 -73 22 -64 -94 -6 -88 75 -48 81 14 31 85 6 -97 -15 -32 -26 -2 -80 93 81 -40 67 36 -82 24 46 7 50 47 -33 83 -3 94 32 -46 38 42 7 41 52 -91 -48 -7 -76 -6 66 16 -39 50 -67 30 -7 -6 -86 -59 47 -34 -78 12 89 -96 -43 -99 91 31 76 3 92 -81 -28 -8 -56 -68 40 -48 -1 -87 -92 -82 1 -21 23 -68 67 -93 -28 -94 97 -78 -87 -83 18 62 20 4 -7 27 -19 0 -39 52 -62 63 89 -81 -67 34 21 -36 46 -39 -73 66 -86 -40 -57 -28 11 -28 11 -54 63 -47 17 84 29 -46 50 -42 89 -43 50 -31 75 36 -80 -96 -24 1 
70 -20 65 45 -31 11 32 7 94 -81 -88 21 54 -5 86 -50 -52 27 88 -68 -70 5 91 17 71 -19 -89 45 -48 33 58 -11 25 -17 -28 40 -71 43 98 -86 43 50 -64 87 -44 85 19 88 -10 82 -1 69 26 90 -88 58 6 -32 -76 52 -94 35 62 -7 22 45 69 -23 34 -44 -53 45 55 -20 -17 -44 -76 85 90 91 -16 -59 80 21 67 52 -14 88 -56 3 89 78 -97 93 -70 -52 -93 -83 97 13 -99 -67 -92 -30 -95 -86 -15 38 23 22 22 -3 50 -39 38 -8 -74 56 -5 36 -21 82 -7 61 75 -61 -28 -80 19 84 -96 10 56 -81 -11 -27 -26 96 -73 -67 70 54 -51 16 -9 11 -58 -88 21 82 
-13 -30 59 29 41 -52 -98 88 9 -29 5 -20 -43 24 12 8 -12 -90 -16 -81 -25 48 65 -90 -12 -77 67 33 -89 5 37 36 -27 55 8 -4 -8 -33 87 40 -64 -64 17 -47 41 -29 -34 -53 -73 -62 -37 28 -59 -54 -16 -11 43 90 -92 -71 -37 -10 81 71 -37 22 -68 3 -96 68 77 57 -87 6 -28 -47 79 -18 -64 91 -14 -58 63 77 -31 38 4 20 -5 -2 74 -19 -9 -15 -26 95 -70 -25 75 65 15 -64 97 -52 -72 -84 49 -12 -92 16 72 2 39 28 91 2 -43 53 14 -38 -23 51 -55 -10 -61 -22 71 -53 -2 22 -33 -64 30 -48 37 -57 -86 56 -23 -76 -3 86 -68 61 77 -37 91 -59 -85 -44 
28 -1 -60 -93 46 13 -82 -64 81 -63 67 -53 77 -90 -36 34 -44 63 -12 62 -99 -59 77 -15 -93 -99 2 -12 99 83 -70 -62 -34 -70 32 88 -50 95 61 51 18 67 4 -66 -15 -83 -35 17 -92 -68 -12 -19 -35 -41 -94 15 73 -45 99 77 -98 -68 -51 92 80 -11 -89 92 19 58 -18 44 5 77 -89 90 98 9 -9 19 64 -11 79 52 7 11 -97 8 40 31 -50 76 -87 7 87 22 46 67 -36 93 54 75 59 65 -4 12 -15 -59 -51 49 -82 10 13 67 -56 -55 3 84 8 -82 -47 -32 59 -75 -2 -73 -76 32 86 94 -9 67 47 69 -26 7 46 -71 -5 28 -47 -97 67 4 14 -74 -36 39 28 -51 
-58 -18 23 22 -67 27 -77 74 -56 -2 -10 -38 32 -64 8 52 -9 64 -15 -20 2 23 19 -41 -28 94 -84 -30 -67 -70 -70 0 -74 40 -95 -21 35 -64 89 17 -56 -49 -45 46 -60 -5 -59 10 39 -32 -78 50 10 25 -4 86 80 84 66 -5 56 71 51 86 -99 -19 -32 -9 -86 16 44 72 -38 99 36 4 -21 51 87 -48 -36 11 34 -74 12 45 10 -61 88 -17 -44 80 -33 -28 -96 72 55 14 59 18 -87 -46 -61 92 35 -8 -86 -47 -18 -31 41 59 84 29 65 95 -42 -14 -83 -92 7 36 -52 46 -28 -51 12 86 68 42 12 -31 -25 55 -91 -95 38 60 47 -15 90 -86 79 0 -99 26 -76 0 75 -99 
11 72 15 -59 7 36 85 19 -38 -85 83 20 -74 -55 -36 53 -85 -89 -72 49 -37 -45 44 89 -17 -18 -40 7 1 70 -42 9 15 9 3 -42 68 -58 50 -92 -81 -75 36 -1 -90 -16 -23 18 -6 -40 -22 43 69 -30 -90 -22 99 3 -12 35 -55 -99 -54 -53 -6 -62 57 76 99 -54 -1 -56 -45 -36 -40 28 -57 -31 84 8 -38 4 -79 7 10 22 -64 -18 -51 80 40 -89 62 57 -33 -22 24 -13 -22 -50 47 -65 -10 -98 -52 70 -21 -88 73 -36 -71 51 78 -84 -93 -17 -16 27 87 72 -67 -37 2 -10 66 9 8 32 -50 97 -20 80 -6 34 -89 54 -60 -68 -59 44 -31 88 1 -3 39 69 93 66 45 -96 
37 4 51 -51 92 -7 -13 -30 -88 38 -12 -7 -71 -70 -79 -44 -81 -4 -91 77 -50 23 30 73 -83 60 -84 -55 64 38 80 -67 -92 -4 -84 -11 -27 -21 47 -81 -81 14 89 -79 -77 -61 -73 -71 -38 -84 91 -12 -18 -23 -58 92 23 -46 -16 -97 82 -99 87 -78 70 -52 -43 -28 -13 15 -58 -49 48 -81 -29 13 15 6 73 11 -91 81 96 -90 -91 -12 17 68 -59 40 97 -7 16 -27 -47 -10 -59 -52 -16 -71 -6 -23 4 -98 67 9 -25 -66 -97 69 43 -80 84 36 59 23 -91 20 -26 14 97 -66 14 -45 87 -32 -49 30 82 42 -59 -40 20 -41 -41 -91 -68 41 -2 44 77 -21 46 -35 11 46 58 -22 -16 -75 
28 84 -82 -26 -5 -5 45 35 54 -75 12 -77 62 35 65 43 -34 -59 19 -98 -94 -94 76 25 -84 62 7 -70 29 -59 55 57 -83 -2 87 -21 93 -86 -91 -82 -50 56 -15 -45 80 -55 50 -82 -57 -46 -46 13 19 -68 3 -41 -18 -9 62 -96 71 71 -89 -32 19 -11 -21 -52 73 80 -92 20 -65 -65 -55 -44 22 65 94 52 11 55 -27 58 24 84 -75 78 3 -89 72 69 20 -43 -7 60 67 8 36 6 -94 5 91 10 6 -72 -42 -81 -57 58 -2 -2 22 -53 23 4 -74 -63 -54 -90 -44 -70 -15 -76 -35 13 75 -26 -83 64 -42 53 -7 -70 2 -50 -82 7 -90 -60 -3 -48 28 89 6 -54 56 -58 96 -8 
-93 -96 84 50 -90 -95 -32 -31 39 -41 4 -38 -87 -97 19 -6 -91 -10 -35 -95 -45 -68 93 55 68 40 61 95 -96 84 7 -43 -94 63 -60 -81 30 89 -18 -50 87 -82 -83 -97 -55 56 9 -47 -2 33 -32 -94 -42 -40 -17 36 5 -95 -61 47 -76 -81 -64 -27 56 7 87 67 -48 97 -2 63 37 -74 -90 -5 -85 -48 84 -62 -37 86 30 36 92 95 68 98 -68 -16 -8 -47 29 -13 -92 88 -31 32 36 40 7 -46 -80 -46 -75 -82 -7 0 -39 -83 -80 70 -94 -66 28 27 -8 -6 -78 -77 96 11 -39 -85 -91 21 -36 -44 55 13 80 -58 11 21 45 52 6 -94 77 9 -92 84 -48 -63 98 46 -61 -23 -67 43 
35 -8 33 33 -70 -72 -98 -98 17 29 -87 63 -51 56 -64 -93 34 6 27 15 -97 57 -40 -29 -42 -49 13 8 -82 34 74 -55 -71 99 -13 33 -77 79 -7 -67 -4 -17 -22 -13 56 83 -79 49 83 81 75 -53 2 10 67 -92 -24 -51 -89 -32 29 39 -55 -52 57 -12 66 -30 5 -84 89 55 3 -83 -59 -48 91 -88 -38 26 94 -29 27 58 -51 85 -12 -94 3 55 -89 -8 8 -33 -17 -36 -59 99 28 83 -54 -22 -95 -71 -55 -94 60 -13 97 47 -37 -4 40 -23 48 93 -35 -49 75 -39 -89 -86 86 60 -74 95 -14 -52 -20 10 -28 -88 94 56 -97 27 89 22 -99 73 48 82 6 11 83 -84 63 18 -90 -69 
-88 84 23 -7 -29 -18 -11 93 70 27 -11 -23 -95 -76 17 -36 -42 -2 62 -26 -13 -89 59 61 -74 94 55 -1 38 -29 63 23 9 55 82 49 82 -11 -54 26 83 -25 -52 6 48 -98 41 -36 11 -9 -4 -41 58 5 18 62 -63 -80 -45 -30 -60 99 -85 48 14 21 -27 81 44 58 81 -8 64 14 56 87 -1 78 3 48 62 -24 -73 -64 -25 -96 -24 11 -23 -96 95 56 -14 -4 93 -30 79 -99 80 15 64 -18 -24 56 73 -73 -4 30 -30 68 -57 73 -23 24 -83 74 -16 88 60 -96 -68 -56 58 -94 63 91 -62 -61 -23 4 -70 41 -70 -91 5 -70 51 66 0 -76 89 31 -63 -6 48 -10 -29 -20 99 -73 
