47 8 -66 -52 -17 39 34 -83 57 36 83 10 -6 -97 -67 -67 -46 21 -5 -7 -20 -24 -33 81 96 34 -32 -23 2 14 -73 70 89 69 -49 -43 -11 -39 69 -88 18 82 -41 -17 -49 34 -31 -62 32 -73 -59 52 20 -56 -88 -95 -16 13 34 65 -9 28 -73 5 -57 -67 14 -23 67 -73 19 47 -58 -79 -40 4 43 -55 -73 -88 -78 34 -18 -97 77 49 -61 57 -60 -43 -71 -15 -36 70 9 49 -14 73 74 23 64 -80 -88 -57 68 4 91 88 -99 51 73 21 -4 60 -84 30 91 -27 85 -63 66 74 -7 -86 97 92 59 12 -78 -82 2 42 64 35 -52 84 52 4 19 -85 -83 -1 -55 35 -32 -28 -84 -6 -1 -8 
97 -60 -23 54 -22 -15 -71 12 -57 12 7 -49 46 2 99 -85 40 -70 24 29 -21 80 -37 -34 12 45 1 -77 92 17 84 15 -53 -9 -14 -60 -54 -68 -58 -87 3 46 -57 -33 36 99 18 39 -30 -16 77 15 14 98 98 78 -55 5 -76 66 -45 -94 -85 -67 88 38 -55 12 91 -38 30 -88 -31 -58 7 46 32 -44 -36 -25 93 -25 -11 33 24 -94 -25 -69 88 64 -12 39 -31 -5 -45 -34 -11 5 28 57 -86 -30 -22 -99 56 -93 -75 46 78 -30 -73 36 -20 -21 71 -22 59 62 69 -55 38 -2 -32 79 -31 -48 -43 -82 -13 78 -93 22 -54 70 71 1 -83 45 95 91 -94 -23 42 -2 0 40 73 -90 26 62 
-97 82 -22 -30 -68 11 -81 60 -55 49 87 -28 75 91 -16 64 80 23 35 5 -84 -77 -71 54 -16 -40 -16 74 -98 -31 12 -78 6 -47 19 55 -99 23 -54 88 -51 12 73 -68 -89 65 96 44 25 -30 25 -68 -27 52 -78 -49 -98 -42 52 6 -56 65 -24 -39 -90 -9 -6 67 27 -16 18 45 50 -74 47 41 14 -38 64 60 38 2 35 45 70 -28 -81 -76 52 -73 33 -21 2 94 77 -32 91 6 74 -3 89 76 73 49 20 31 70 -63 34 30 65 99 -46 -56 84 -98 -1 -81 -55 -73 -3 -99 -86 69 -53 41 70 88 -12 19 16 -34 -86 -17 -95 53 -67 -62 39 -40 25 -90 -4 -48 73 -20 -91 -41 -63 7 
-41 -52 -75 -91 54 13 -30 -42 87 21 36 -10 27 -73 -23 61 63 -2 44 35 4 -76 -33 -79 9 -40 24 89 71 59 -22 52 61 -47 -23 6 1 29 56 -86 -10 88 62 -40 37 -62 62 54 -43 89 25 -5 99 -59 -6 46 -6 93 -28 -31 47 -68 -13 48 -97 -51 -8 74 47 -87 -58 -14 -55 39 -13 65 -59 -23 15 -71 -20 52 -63 -15 -51 -67 82 38 3 -43 74 -78 -57 -23 98 -3 -43 -70 38 -40 -42 -8 -87 -90 43 -58 37 11 -53 73 -80 24 28 -74 -62 42 -71 76 -10 65 2 40 23 -64 -94 48 -9 70 -32 54 -34 15 14 40 99 -10 47 39 5 -72 -36 -57 -27 -29 -58 -60 78 -52 68 -68 
83 -54 -13 46 5 -96 -60 28 -95 19 -7 -72 43 38 88 -96 -24 -67 21 58 -35 -19 17 -24 -18 -6 -84 50 -84 53 10 41 -98 62 -30 -91 -27 -51 -86 69 -38 -67 -95 95 -38 -15 88 -36 77 -77 -80 81 -82 81 37 20 40 32 -28 -46 -38 84 -45 -26 69 9 69 -27 -31 28 32 -34 -10 92 25 81 21 -43 -77 -32 -85 -95 -13 -75 -88 31 29 66 57 -31 -97 -46 -30 -47 52 -25 -22 -60 4 -22 75 -2 -8 7 -11 -59 -33 48 -53 83 70 47 55 -79 16 -22 54 -64 25 30 -42 -72 88 -95 -94 -41 -10 72 -63 -47 -35 -5 -6 -52 -77 -74 26 85 -83 -85 -27 2 12 77 27 47 22 56 11 -74 
-68 19 -1 -30 4 -79 -81 -76 -55 -7 76 1 -9 31 -42 16 27 -15 -30 31 -91 26 -35 34 -9 53 -17 -21 -61 -62 82 93 30 -70 -32 48 27 -39 -80 71 -24 95 95 -52 89 40 20 82 29 4 44 -45 89 -69 88 -38 -63 12 75 22 30 -82 -19 64 -28 36 -60 -65 26 -76 73 12 39 -60 -46 -16 84 24 -5 84 -51 -4 54 -16 8 89 86 -22 70 -11 -59 18 69 -43 -11 -19 -42 -45 35 -57 45 -39 85 -22 -58 91 -31 62 -16 -24 -29 -27 93 7 -48 -1 19 35 5 30 -87 82 60 73 0 5 -30 -29 63 -41 -48 -71 58 -3 89 93 -84 26 39 -49 92 54 -48 -79 -64 -12 -85 11 -69 -99 
15 -75 -94 -19 -60 -79 -58 56 3 23 44 51 -97 14 -79 -3 -63 87 -7 83 -90 42 11 55 -56 11 95 -47 68 -6 24 27 -48 57 93 -81 -50 87 -27 75 -26 -84 -38 61 15 -80 40 46 -86 -81 -56 -76 16 24 -12 15 30 -59 87 -33 -32 -63 -36 -83 12 98 42 -99 -86 27 68 -36 -27 97 -36 -7 -39 -42 -80 30 88 -17 -24 -81 72 -9 -33 -28 -43 56 -64 -12 -76 -10 50 29 -86 97 14 -7 46 -89 -52 32 -15 -99 -39 18 34 67 79 68 -39 -35 -1 63 87 14 34 98 -42 -6 17 16 -77 91 36 8 -65 -56 73 68 -55 -12 11 59 4 55 -42 58 62 33 3 70 -61 -30 -23 32 90 50 
-80 49 -9 80 2 -27 -64 -63 14 62 -54 -94 -63 -6 -55 42 54 38 41 44 78 38 75 -69 98 82 -34 -3 -86 63 -28 -12 -68 -17 30 57 -59 52 -82 27 34 79 96 43 56 -42 5 12 -75 -78 56 6 33 31 39 72 -47 71 -51 -1 -49 -27 10 50 -87 -84 81 74 -68 -88 33 -52 53 -8 45 89 14 85 61 -14 56 -39 -37 36 -17 70 -89 1 6 -63 21 -46 79 19 -62 -21 59 18 93 70 -73 -10 -13 97 87 -73 -76 53 -7 91 40 51 92 -43 12 -37 5 -58 -16 -95 39 31 -2 20 58 -29 47 8 -67 -15 64 83 -1 -2 -98 3 -32 54 18 -62 73 41 50 36 -99 56 -12 42 -14 -90 
57 44 -2 -18 2 -91 -1 -29 -33 -92 -41 46 97 65 -71 70 -39 17 -42 63 29 -7 -74 -20 48 11 -62 -11 44 74 45 62 6 -69 15 71 58 -17 21 14 16 71 53 28 78 -74 3 86 51 25 39 86 -74 -99 -28 -41 -63 64 46 9 47 48 -67 52 99 81 79 -81 98 -70 -24 -8 74 -31 10 15 85 -50 55 -42 -24 -20 -21 96 91 45 2 -74 12 -23 -68 87 -25 70 -82 11 60 -80 26 -89 42 6 34 19 -5 83 49 75 1 -80 84 57 -86 48 4 86 -37 -64 -9 54 -80 -30 96 -39 3 -55 77 61 18 88 -45 -26 -50 0 45 -97 90 26 -48 9 33 -26 -24 -60 98 18 77 -58 42 95 
-16 -30 -75 65 37 24 -76 -69 -27 -6 39 -22 85 -38 -14 -10 -2 -75 -47 -89 -39 -45 55 -34 -46 -95 63 -95 -76 93 -24 -74 -33 8 -83 -69 41 -76 91 27 -83 47 -63 14 20 -79 21 17 82 61 -86 -27 92 47 -47 -94 -64 96 -34 64 24 -3 -11 -34 -84 -70 85 61 76 59 -90 -55 55 -20 -89 -69 17 -61 24 -49 72 -18 32 72 -77 31 10 -14 61 40 -88 52 1 6 29 -2 -48 10 -23 98 3 0 64 67 -20 -24 -84 92 20 -31 13 -25 -60 -24 -51 -86 31 -77 80 -85 86 96 16 -14 15 13 20 -11 -97 81 -33 -32 2 12 61 76 21 -10 99 1 -74 -70 -41 -82 -68 93 -58 -61 79 81 
-11 -92 -8 -83 -16 -47 -60 -8 -9 -39 -41 -49 -53 41 71 38 59 -36 -94 8 5 -66 -96 29 -45 1 69 99 59 35 -19 21 -23 -78 10 97 -70 2 -14 -54 -2 -90 -40 -58 30 -45 -95 42 -34 -17 60 -51 -55 75 49 -54 82 13 -31 79 25 76 -32 87 6 -34 -73 28 -66 -38 -44 48 83 29 99 64 94 -35 30 70 -48 47 -41 -13 -73 -30 53 56 36 21 33 -2 -24 -33 -55 -19 -70 23 28 62 -88 28 -41 52 83 87 58 -2 29 28 -76 17 -30 19 -35 -21 50 -67 -40 88 -52 -18 -41 -16 86 -55 42 -31 -30 74 91 42 46 -76 -10 -2 -9 -60 15 93 95 70 49 -57 -1 52 -64 13 17 15 
74 5 -83 6 69 52 -29 88 -31 -32 24 -57 50 -10 16 -19 -26 -27 36 10 31 2 -21 -68 24 -54 -42 -2 95 -62 -69 50 61 -90 -29 73 -95 99 -48 78 83 14 87 37 65 -86 -54 -35 -81 89 -11 36 -28 -77 91 -60 58 51 -9 76 63 81 51 12 28 8 29 -46 64 -31 -12 -70 -53 -96 28 -46 -40 -25 -44 -97 65 -99 46 94 -1 53 -94 -79 -10 48 -67 -6 81 80 -78 -10 75 -44 -37 96 -45 -71 -28 -26 80 -21 42 -37 29 57 58 93 -75 26 -49 44 -69 -51 31 7 8 69 8 -25 3 -25 -48 -32 95 -72 -20 86 -50 -7 75 26 1 90 -34 20 20 94 74 -69 -11 -26 48 22 76 -70 
-51 78 69 39 -15 18 -49 88 2 -80 -51 -63 53 -6 -5 6 98 -56 -84 -8 -75 44 8 32 64 19 86 90 65 68 36 94 -43 -55 -48 3 89 -16 -50 -34 -30 13 -10 87 72 63 -71 -88 12 -24 74 -96 -22 -79 -58 -67 56 -53 51 65 -13 -61 1 27 -14 -96 4 -16 -12 31 -22 -14 -51 37 -97 -39 43 -59 38 -96 -31 99 79 35 14 60 -83 -92 -96 88 30 -95 -86 66 6 -84 30 43 -67 75 47 45 -9 -97 68 82 96 35 -64 -1 82 -33 -47 48 -61 -76 -78 -76 2 4 33 -86 -49 76 21 96 96 -57 -88 84 84 -21 57 -57 -53 -59 47 -83 98 -68 -89 -17 -28 -33 -84 44 -71 58 -97 -76 
19 85 64 11 13 -74 98 -4 -72 -89 73 -20 61 45 22 16 -11 57 -62 -87 38 -82 52 -17 -95 37 17 74 6 -41 42 -9 -88 94 -28 14 74 66 -83 87 16 -21 -3 -21 23 -67 62 -49 62 45 -41 -40 19 -47 -6 52 -42 14 55 20 95 -3 -9 12 58 -36 -18 -89 -87 -82 66 -58 -37 53 -80 61 -80 35 -93 -10 16 -3 -69 96 -53 57 95 79 -41 20 -68 -77 53 33 -79 37 -56 20 14 32 2 44 44 -67 -38 95 25 -17 -46 44 -77 31 -65 70 38 42 88 -62 -11 -38 82 -1 -25 -41 -66 50 51 4 57 24 -89 -37 -91 -2 -75 5 87 64 -24 -20 81 -72 35 8 26 -6 -89 -4 -4 5 
16 46 27 64 -87 -42 88 -21 -96 91 32 -17 -56 69 -71 12 -20 13 -97 -69 -26 -3 47 76 21 4 -62 -48 38 28 -23 16 -61 -28 56 41 -1 60 49 61 69 81 -23 -16 -73 -2 -42 40 20 -51 -3 33 -10 33 77 32 -67 47 -34 30 -69 74 17 22 46 52 53 70 78 -27 96 65 63 -93 -81 48 49 -96 10 -78 54 92 -15 -52 -58 -54 -96 37 65 -47 98 92 27 -43 46 -93 70 53 -77 -22 -20 31 -52 82 -81 -61 54 -38 11 -18 38 -63 -8 13 86 60 -63 29 8 -64 -21 17 -77 -17 85 79 37 36 -7 -95 2 -22 46 -36 58 25 -28 -16 -74 -8 -58 -43 -69 -69 62 56 -99 -39 -6 84 
13 -97 76 -73 -34 1 73 26 -58 -82 -77 -10 -30 -6 49 41 -24 8 33 -77 -65 -14 2 -70 14 -78 73 -20 99 85 -9 -46 -54 2 46 59 -89 55 -10 -31 11 2 67 64 -83 -59 7 -2 -79 81 -64 -83 61 9 44 58 80 -38 7 10 -87 -82 36 -70 17 -93 52 37 -22 -38 78 -93 10 66 9 -5 -26 -39 71 -80 -87 -34 -41 -53 -3 88 35 -40 18 33 52 -41 -9 -42 76 -21 12 42 78 30 -74 76 79 -21 -72 5 54 -28 15 27 -75 82 27 -21 18 -94 67 -63 28 -97 22 20 10 78 41 -55 -32 55 -83 98 -33 -4 93 -70 -86 92 95 90 43 -74 -83 -42 -54 -10 43 -45 54 36 86 -96 
-97 99 -80 71 93 -60 44 87 71 93 44 19 -8 87 -65 -76 67 -12 -23 -2 9 66 62 -35 20 75 65 34 84 1 -45 50 -91 80 -3 91 -99 81 38 -66 87 -33 94 59 -93 72 -43 83 18 40 1 -4 47 84 -95 -17 -6 -13 -43 26 -92 -38 88 -32 -36 0 5 -9 -63 -79 36 34 -55 12 -50 -77 49 -84 47 -4 1 -88 50 -65 -12 -21 -90 60 -57 86 -99 -11 40 58 93 -19 -12 64 44 42 -61 14 -31 70 64 48 -14 73 60 -45 30 10 -49 -54 -43 59 -35 71 -64 -63 -21 -88 -60 37 -76 -70 -44 -99 71 -54 -33 -90 -35 -49 36 -38 -26 -76 -37 -52 90 11 88 -23 -44 -7 -9 -88 43 92 
60 88 6 -84 62 31 98 5 -79 96 26 -83 61 75 -3 10 86 80 70 -39 41 29 46 94 78 -87 46 90 -61 -93 -90 -59 57 -92 -42 78 8 -26 -82 30 14 91 80 -30 -79 64 31 34 -44 -62 -4 38 -44 22 -48 12 19 -43 13 88 92 -31 -41 -26 91 -91 38 -6 -44 -8 10 -95 74 -65 83 19 -86 54 -91 -83 -35 22 21 -76 82 -47 63 -74 -4 -2 81 -32 -43 -22 55 65 51 34 -92 -95 97 71 -43 99 84 97 33 85 -82 -12 -13 -7 37 45 -60 7 94 -8 -75 33 -27 -73 45 -25 -95 -32 61 92 27 26 -90 88 -12 92 64 63 14 -25 -15 -41 -98 -45 -67 -10 -5 -78 88 95 -97 68 
-55 -39 -13 1 72 -13 -55 0 -52 85 -39 73 66 31 -16 -43 29 -34 95 44 52 71 68 -43 14 81 57 11 44 57 65 -64 -36 75 25 98 -77 -35 -15 48 21 -67 12 -88 -78 -80 64 -54 -30 46 54 -40 -4 31 40 63 -59 -64 -30 2 29 -94 -90 1 77 44 68 -95 -23 -85 87 -24 67 50 64 11 -26 48 52 22 -3 72 52 64 -21 -35 -18 -77 -54 64 95 -18 63 64 46 -45 24 14 48 -33 33 -55 68 -66 95 76 68 65 45 -62 -97 -42 12 90 0 -59 -8 -49 40 0 57 75 -6 68 87 43 70 66 44 52 -85 -46 -5 85 75 -93 14 53 -24 -17 -15 -38 -98 -46 49 -56 -31 7 36 -25 
-60 -85 -32 -85 15 -54 -89 -27 20 8 -83 -43 1 83 -24 -65 2 -66 26 -30 -85 -10 61 51 -51 -46 51 -11 74 -36 95 51 82 62 -45 -98 -19 -84 12 -33 95 -87 57 -68 72 57 52 87 -10 -45 -93 77 -59 -77 -6 -31 -33 88 25 88 -77 -66 -18 -65 53 4 -27 94 -10 97 25 -94 -88 -23 50 -65 -77 -93 62 -42 87 6 -15 -92 -5 78 66 -47 -44 52 25 47 45 81 -73 13 97 -13 -85 -80 14 -12 -75 5 -30 -17 25 -49 -73 -63 4 56 -99 3 46 34 24 92 60 -99 -21 -75 -10 -74 25 63 -33 -87 77 -60 -29 -84 9 -5 55 -97 36 40 -68 61 -69 -10 -80 10 -40 40 -20 -19 13 -48 
-26 40 -96 -13 -20 -54 -28 -16 30 -89 -20 -34 69 -80 71 -51 37 -43 99 -97 -9 99 15 -48 -60 64 -69 -74 99 67 -43 -92 98 98 -69 -18 54 -48 -12 8 -13 -70 -16 -44 99 24 -98 66 -95 55 74 -92 3 34 -9 2 -91 4 -14 -39 80 -17 -26 -2 -61 -21 -72 56 71 65 46 -57 -91 59 84 28 -8 -63 76 47 -58 -47 71 -58 -38 -80 29 71 76 -2 -87 72 76 -80 87 -35 44 -62 23 43 -30 -61 -91 89 -55 29 -55 79 90 52 20 -9 25 27 -81 69 -46 20 30 -89 1 88 81 -30 44 77 -46 60 -3 -75 -20 52 15 -59 2 7 44 36 -9 -88 -83 64 -40 -93 -86 97 -22 -25 -55 74 
-81 -17 -25 -83 -94 60 -88 -55 -49 64 94 73 88 80 -71 -98 -83 -47 31 0 -54 46 60 29 -40 74 -98 9 16 -64 89 40 -33 49 -27 -41 82 -81 22 86 -76 -63 -50 52 47 70 -44 -6 66 88 4 -45 -7 -88 -41 1 51 -4 -99 -46 -21 3 2 -42 -10 -49 -36 95 -9 -66 -7 -28 89 -71 78 25 -45 5 13 -80 80 18 -71 57 21 12 57 -83 -48 -24 -36 -37 -80 40 -64 -89 32 5 -60 32 -19 -97 72 5 2 -80 -11 -74 95 13 -63 34 -66 87 -20 -16 -69 -70 -5 -97 -76 31 53 -39 -90 -60 -20 -21 22 -25 55 71 12 -14 85 -34 -10 92 38 -4 34 18 -75 -28 -93 2 24 42 -36 -52 
-91 -21 -22 55 -52 7 -72 49 13 -89 31 94 -66 -80 -7 49 -17 26 66 39 5 -33 78 -92 64 -33 -60 56 37 38 9 60 69 1 -25 46 -33 28 50 96 65 18 82 -65 58 -86 4 22 51 77 -73 -15 95 85 33 -61 -1 26 4 39 -41 -89 -60 -67 84 -76 -15 -32 51 15 -47 -87 44 -67 -20 -94 -2 51 72 18 -44 -29 -21 64 -90 25 -91 -73 45 38 -71 -91 -35 60 -80 49 83 3 27 -51 -24 42 73 58 -43 26 47 62 -13 -87 -37 -16 -70 -71 48 72 -21 89 -65 -96 49 17 42 62 99 -69 71 48 -26 6 -16 -49 28 69 36 28 -8 -15 -64 85 74 3 30 13 18 0 -32 37 81 -48 
-3 60 80 -59 14 62 -67 17 64 -30 22 95 13 25 29 84 -35 -54 -20 56 59 -98 97 83 -72 -15 48 -90 -90 54 -7 66 96 -29 -87 91 -38 22 85 -49 16 58 12 81 -57 67 20 49 40 -31 6 71 -19 -80 -97 -19 -53 -36 86 -81 26 64 -59 -49 95 -58 -16 -49 -15 0 56 37 78 85 -53 16 92 65 -58 -35 -9 -61 -83 -81 59 -18 74 -21 -88 -79 15 57 34 -95 -55 -47 4 16 -61 -91 44 61 87 -94 1 50 -32 17 84 -56 -45 -62 -36 73 32 31 -52 -68 -84 31 17 50 97 -42 50 -53 71 -81 -35 68 66 51 -80 16 14 -81 -18 38 61 -88 -14 -46 -96 -62 19 -40 41 76 58 77 
93 4 10 -95 67 -7 2 54 88 96 58 -3 -54 -43 53 -2 -32 17 75 84 85 24 -88 51 -95 97 -22 -7 -12 37 -13 25 -21 -64 -18 11 -97 -53 20 73 15 87 59 -65 88 48 47 45 -82 -33 59 51 40 -35 31 65 -14 -79 -54 -38 -15 77 54 -75 -94 -56 -81 -37 -74 -57 -1 -7 -22 1 -52 -26 55 -75 62 14 13 -11 -22 -9 33 69 -83 65 -70 -74 46 -97 -53 75 71 -99 29 13 -20 -79 -28 -20 -2 -4 19 70 -56 48 -80 92 -59 -26 2 0 -19 -85 -66 -59 5 -32 48 -75 86 69 -14 -68 -31 58 -94 6 90 10 41 64 -38 -43 -39 89 -72 -62 41 -33 43 -75 11 55 -81 83 33 73 
51 3 -66 -22 58 -57 -60 -41 49 -48 -11 23 -72 44 -98 7 69 4 14 87 51 -24 -67 23 7 -94 67 -83 -15 47 99 88 -40 -52 -96 -23 73 -46 -54 2 -26 16 -23 65 94 -46 -81 32 -45 -28 29 -10 0 45 84 3 -47 62 85 -5 -5 69 13 84 -68 40 -50 -85 10 82 -1 -38 95 -40 -16 -82 48 -17 21 -74 42 -50 -54 -61 2 -37 98 -2 21 48 -44 -99 -42 3 -12 48 -74 -71 -36 22 -58 28 -16 -8 -50 29 70 -68 -25 62 -33 -60 39 -34 76 53 53 91 75 76 98 -90 -20 21 -68 6 90 99 -30 -77 66 -47 -90 -86 -77 40 44 91 -19 52 -95 24 -41 33 45 -19 21 -79 -90 23 
-34 40 -86 29 -44 55 89 94 -56 -27 -76 -76 98 29 -26 45 96 -57 58 -34 18 -38 67 -86 -92 93 -48 45 -48 84 85 -67 -16 25 39 47 92 -34 18 -91 -67 4 -40 -98 -10 91 7 -9 -86 -88 78 60 46 -54 93 60 -29 -85 -21 10 4 -24 62 -33 -79 -47 -63 67 21 82 97 43 -54 3 8 -72 -95 -30 87 79 14 -9 -27 -99 -40 -66 62 34 -17 -40 52 -25 12 -89 -33 -12 -57 34 0 45 -99 -71 -95 59 77 74 -18 96 30 64 -5 76 32 -16 17 -98 4 -31 97 -19 11 -9 -16 49 -65 -83 55 -51 68 -3 -82 -13 -9 -61 -39 81 7 37 75 -46 99 -39 -80 84 99 -20 32 74 -55 4 
76 45 -44 -63 -62 -11 76 74 -48 -1 -35 6 -57 -32 -89 63 6 0 -77 23 57 -69 95 31 -53 -94 -9 -16 15 -42 -31 -51 56 -54 58 91 -19 -58 -74 1 -16 81 -83 1 53 1 -14 52 24 -10 66 -4 6 4 91 -40 -38 -87 75 -43 -65 86 -51 14 40 25 19 -55 84 3 -93 14 -46 -67 24 97 17 79 -19 48 50 98 -7 -53 -60 -51 31 -16 44 -67 84 32 56 93 41 -69 -86 83 -59 61 -91 13 73 -23 79 8 2 99 95 72 27 -61 9 49 -40 -77 -17 -83 21 -89 -24 7 81 -73 -12 -78 93 41 -32 86 -6 -16 -98 -53 -46 55 99 -33 -39 56 62 30 -43 -89 -92 -40 -88 -30 -63 -84 
-86 37 74 34 56 60 68 -16 -98 72 -32 -19 81 19 20 -53 -55 -79 64 42 -3 73 -34 4 28 -91 79 15 -91 97 28 13 84 14 -36 74 41 -77 85 91 -47 13 58 80 -24 -80 -45 43 -41 67 1 -9 9 92 85 61 39 -5 34 -36 -25 -87 -47 -8 -75 -18 -65 -47 -37 54 8 -8 -1 86 -5 94 -55 -58 -13 73 71 -11 62 20 89 12 9 -44 88 -76 -79 -94 -56 69 -98 -74 27 97 15 75 -40 -84 54 -13 -16 19 59 67 -94 11 56 -55 57 72 -4 -21 -12 -6 -12 -55 47 -23 95 57 29 -31 38 -35 -54 -49 -48 -10 -11 -48 82 44 37 -69 -35 -53 -59 -77 77 82 66 -44 1 -52 63 85 
-36 20 99 -92 15 -74 -68 -60 13 -13 -84 -89 35 -97 -67 -88 35 91 44 -25 75 -50 49 95 -56 -28 -1 75 -56 12 -66 -57 -20 87 -24 -69 22 62 18 -11 -7 14 0 -14 6 -34 74 79 14 78 -82 89 -83 78 13 -70 -16 15 -93 12 42 5 -12 64 96 89 79 -94 -58 -5 37 11 -45 9 -64 -61 36 53 18 22 -67 -55 32 0 4 -11 -26 46 -39 89 93 41 -10 3 11 -76 67 12 74 -25 -44 -75 35 6 86 -73 0 80 13 -65 74 -44 -81 28 -58 72 -52 -14 -30 31 9 -91 -4 79 -35 26 -83 -35 -75 71 -79 46 -88 -61 88 -29 81 99 90 38 -4 -34 60 -10 -4 10 99 -76 -61 -90 
98 -91 53 -80 -3 34 93 16 36 18 8 87 -19 76 -24 78 15 10 -71 14 56 0 -50 47 -33 -97 -41 -87 53 -63 33 77 8 -77 -28 35 40 3 62 -18 79 4 59 -39 85 33 -79 25 -23 -47 46 -80 -4 49 51 -57 55 -4 86 74 -46 81 -6 60 -63 -77 15 -18 -30 32 25 3 -68 44 -26 -11 16 -75 36 -82 -45 -96 43 -61 95 -17 -57 23 -88 -71 -22 -99 71 -70 74 -34 17 20 -20 81 -69 -90 50 17 -65 -97 95 -50 49 -73 -94 -93 -25 75 -68 19 47 88 -9 -3 61 59 -42 -20 57 -37 -5 -65 29 -29 95 -97 95 19 19 75 -45 -55 -84 23 85 60 -61 23 -3 64 -48 -45 12 28 
-36 -31 -54 90 97 -95 69 -23 -43 96 -72 58 11 16 4 -97 21 1 50 -3 -45 37 72 78 -50 -68 -20 37 -11 8 98 -60 77 15 71 -22 8 -30 -30 87 -49 86 34 -47 81 -24 -72 60 -41 27 76 -43 -62 5 -48 -20 40 -15 96 -10 -11 -78 10 17 -51 85 90 2 47 -26 27 1 -11 3 -44 -62 -85 -67 -81 -75 49 40 96 -39 -73 -79 91 12 -60 -81 30 -6 24 28 88 71 85 -25 88 -55 -2 90 -9 19 -40 7 -44 3 -64 9 -95 -8 -74 -34 -30 -90 50 -35 -29 12 -52 -33 -29 1 26 -51 94 -59 -5 8 9 33 -78 5 58 47 18 -74 -48 -23 -30 -60 39 -87 82 -14 56 -44 -28 25 
20 85 93 -74 98 -8 -70 -23 10 93 97 45 38 83 -9 48 -58 -96 -87 -85 -6 57 32 17 -16 -24 5 -11 38 67 -78 17 -70 32 -18 -91 52 -3 -97 87 12 91 -25 -64 -2 -7 53 37 -83 -90 -90 -15 64 -50 -5 -34 5 17 70 -44 -38 -71 -20 -82 86 -16 -85 86 -44 -75 -10 -15 82 -49 32 -52 68 -27 9 41 71 -55 49 49 -15 32 -70 -7 -66 -69 -58 44 12 76 29 -96 -61 -56 42 8 7 -98 88 -67 -97 42 -93 83 94 -10 89 -93 58 -20 -30 99 63 87 54 59 60 94 1 4 -52 -91 -36 87 -97 -86 -58 -61 86 -12 -95 -61 -35 7 -82 -90 -38 0 38 -27 -62 -40 33 65 75 -48 
-27 -85 -40 32 -96 62 59 -33 -88 -99 -82 6 -70 28 10 39 75 -73 97 47 -56 76 -48 36 26 -93 27 -44 6 -97 -41 38 -93 55 -39 15 -25 51 26 22 76 -57 -19 36 -58 26 88 19 -73 5 76 -19 -44 94 -66 58 77 -66 -73 37 -33 -64 78 -62 -32 74 -45 33 -70 24 -80 -65 88 66 43 80 58 -55 -48 -57 81 68 19 -68 3 74 74 -41 -46 75 56 10 90 -83 40 72 90 96 89 43 95 -51 -91 32 91 -30 61 -71 7 59 -36 -85 -21 -48 46 -41 -14 -65 -87 -60 85 3 64 99 -23 -58 -69 -1 26 10 -6 -60 72 53 -4 -61 3 -53 25 -8 58 -95 64 9 -28 -95 -9 -25 27 -25 
69 -22 -3 19 90 89 73 90 4 -3 -68 83 21 95 84 -93 -98 -31 -91 -40 71 -69 29 -53 -85 4 47 -53 14 -90 -67 9 -94 49 -51 -18 97 -73 -88 71 -56 -15 -30 13 58 64 49 89 83 4 76 -7 7 -26 -27 59 50 -77 -72 -84 -89 -89 8 -31 86 -13 74 -56 17 -26 65 -89 -85 -95 18 -7 -25 65 -72 -27 74 -75 21 1 75 4 -39 37 -99 33 41 43 -11 1 -21 66 82 -12 -62 -46 24 -61 69 91 23 63 -35 41 -33 -35 30 28 42 -47 67 47 50 69 -29 -20 -5 -30 -27 99 97 88 92 -39 -60 -54 68 -24 78 -93 -72 63 17 55 15 85 68 -20 88 -34 26 -29 60 28 -79 -50 
82 -72 69 -55 -66 9 83 56 95 -75 -18 -51 -39 89 30 72 -70 56 24 -62 -17 -17 52 83 -34 85 12 65 71 39 -88 44 75 -26 2 -34 -84 7 -47 -49 -60 27 -75 96 66 8 5 51 87 -77 3 -19 -8 92 -72 -86 -55 -29 -50 68 70 70 -1 -20 36 -89 26 -44 51 14 55 84 57 3 -32 -34 82 80 -40 -22 63 -4 -84 -44 -69 87 -57 78 53 21 11 47 -15 -60 59 97 30 -83 26 -35 86 -96 45 6 65 -90 41 -53 -92 -74 -14 61 -94 45 31 -40 -19 30 -77 75 23 22 32 1 43 54 6 -53 -50 90 66 -94 86 41 -83 -64 -98 -27 -67 -35 -6 85 31 -14 -44 -5 93 -42 26 -78 
-56 3 4 -26 -22 -49 -72 -81 5 56 67 43 -79 1 5 -79 -17 -72 1 4 -69 -97 77 56 33 2 34 31 -54 -60 5 -24 92 -85 94 79 -27 -86 -67 62 -82 -90 72 -44 57 43 85 -69 -79 -18 84 51 -27 16 -85 -35 91 -98 47 -47 38 -91 -44 -51 -6 -63 5 92 -97 81 -61 -11 -39 -94 -64 -51 96 -95 -15 76 80 -84 75 14 -17 -88 -45 61 -49 33 26 -41 6 81 -97 72 88 -63 -96 7 -34 43 -26 98 -70 68 -50 -58 -11 67 77 -45 22 73 82 5 -57 -23 -81 86 -81 -7 -93 -99 98 -24 -63 -53 -52 37 27 2 42 -81 19 28 58 -83 -23 -43 -10 90 3 -76 37 -98 -69 81 56 -57 
33 -25 -71 -54 27 98 67 -27 68 -65 39 -53 -81 -91 -48 45 22 -11 -97 -65 -48 39 32 -10 5 47 54 97 -74 13 -37 8 70 3 23 -75 -28 73 -98 69 10 -34 -63 27 -20 69 -70 47 4 88 -63 87 7 64 -91 -70 73 -46 -51 -95 -46 -35 53 -27 -5 8 69 20 72 32 35 -19 99 79 48 -89 92 -86 32 75 -92 -3 28 -3 76 81 -34 77 14 -33 -22 -76 81 -16 -61 -88 -31 34 0 -77 29 -79 95 -67 -37 -50 3 35 -49 -8 -58 53 -53 -47 62 -39 -43 29 47 -47 30 -68 76 20 43 88 -69 -29 73 -70 38 -45 -35 -15 30 69 -31 18 -85 -15 -64 -25 94 -12 -1 -52 -81 -13 43 -15 
-63 -52 20 64 79 -12 35 -76 -56 24 49 90 -75 -7 -13 15 63 -71 -54 -87 95 -31 96 -48 -15 -91 -89 42 29 33 83 -21 -22 -15 21 -1 29 -93 -44 9 -60 85 -95 -34 47 -19 -60 -16 -11 39 84 95 -28 19 4 -38 2 89 -54 31 53 74 9 17 -36 24 39 55 9 -6 62 48 38 -21 11 -80 -75 -27 -27 -39 -82 7 64 -67 -79 -40 -85 10 36 38 65 54 88 -88 28 93 -99 34 5 -37 55 -61 18 49 -89 -90 -91 16 -26 -8 -39 95 99 80 60 45 86 0 76 47 59 -14 -59 61 39 -94 -48 -91 -55 -18 70 3 -81 -27 -31 95 -7 -76 78 -37 -6 81 -72 -45 53 -59 52 40 -91 87 
-28 -76 -12 66 5 30 50 -90 -8 -7 -26 -15 -28 -69 14 -54 1 77 -83 -93 20 61 26 26 -99 32 91 -24 45 39 -17 22 -87 2 -84 -48 2 -7 44 -73 47 -50 56 -89 60 -24 71 -67 -5 -18 -9 86 90 7 92 67 83 61 -46 51 53 -31 32 23 96 55 -27 17 -99 -54 -40 88 92 -20 -47 68 77 -1 67 -18 3 36 22 -52 67 15 62 77 98 68 64 77 7 22 80 30 -21 -14 73 -80 -6 -17 -78 60 -15 88 -9 -47 97 -44 -17 70 -50 -40 29 26 -79 89 4 89 -60 45 -79 23 2 53 -48 21 32 17 16 -45 44 82 20 -56 34 12 39 -70 -79 24 -58 -57 -57 -12 20 0 -43 49 
-91 -23 92 -16 11 92 -58 -66 94 98 3 39 -73 -42 -60 98 27 74 54 77 18 -7 41 -83 -92 31 -46 8 -77 -20 -22 2 -58 -5 -83 38 96 35 73 -62 59 19 21 73 72 -17 -77 40 -78 57 -86 -53 -29 89 48 87 -19 22 -31 88 60 -72 -6 -8 -57 12 47 69 -82 -83 72 -4 2 -90 9 -25 13 16 -72 44 -52 -71 4 28 14 -99 -12 -9 -26 -80 18 49 37 -46 99 -93 20 -16 -32 -69 4 22 37 -96 79 -72 -51 -16 38 -45 -14 -40 -50 79 88 56 73 52 27 -38 8 22 55 25 80 -11 -92 16 74 71 -30 -10 64 -78 80 -13 91 -34 11 53 -58 -17 71 -85 21 -53 76 19 -8 -26 
-57 84 82 -1 -29 -64 -55 -33 20 13 -39 -34 19 42 97 -59 42 -70 -44 -24 34 -60 -27 88 57 75 -10 -47 93 22 51 -78 96 -53 -23 -75 -58 -56 61 83 -68 78 75 -18 35 62 -57 -81 59 -14 -6 66 -13 -76 -8 78 98 -40 -12 -11 -55 45 -80 59 -76 -10 31 0 32 -24 -76 -97 -89 -52 44 -39 -46 -47 2 -29 -24 74 -91 -50 -20 -30 53 90 -65 59 -45 83 -27 -78 -61 1 68 19 -90 97 43 -41 65 19 67 -61 4 15 -41 -77 -70 -3 10 16 23 49 17 4 -88 -61 13 45 -1 67 90 76 1 12 11 -48 20 49 82 65 81 81 -12 -30 22 15 -37 62 82 -30 -88 30 -69 -11 -62 48 
83 16 -89 87 -54 33 62 -9 -79 43 -46 87 -60 8 -75 -57 -81 -35 52 25 -53 -33 -46 5 -44 33 75 -55 72 95 -61 19 -93 34 -39 50 -4 -85 87 49 -36 0 -55 67 9 -25 -96 40 58 -90 -39 -10 88 1 -20 -21 -46 21 -40 95 62 8 20 -46 14 81 -56 12 -38 -84 23 -53 -1 -44 -83 -81 98 -28 76 -12 58 30 -38 78 -18 0 39 -55 69 34 -39 7 95 -82 -96 -12 13 -64 48 16 26 -12 10 -15 76 -2 -43 -82 -12 -61 -21 19 37 91 -91 -22 -30 33 4 74 82 73 -1 79 16 -84 -19 -62 -60 53 -52 4 -21 -45 -93 -37 63 37 -92 99 -7 -83 20 61 19 -10 -15 -2 66 16 
58 39 60 10 5 99 51 29 81 21 42 9 -76 74 -94 40 17 27 -89 -66 99 45 72 -18 85 -69 -4 23 17 -29 -28 82 -90 -17 -75 -30 60 12 91 -52 63 49 7 21 -10 -17 36 38 -42 -4 81 71 68 -24 -31 -25 -32 -50 -88 -48 60 88 10 80 -62 -36 -6 -46 -23 -83 20 -48 20 48 -57 92 43 70 70 -84 57 41 43 -96 -14 -15 68 -36 53 -48 -42 -41 -99 41 89 86 -70 77 38 -25 -53 -30 55 69 32 -91 -96 61 -11 74 99 -62 41 26 -35 -13 34 18 -71 -18 10 1 8 79 -58 47 -41 -98 -29 -46 -70 43 -72 63 0 90 -2 75 -66 -21 -93 -3 -16 -92 -60 93 45 -91 -79 -59 
-7 92 -37 66 -66 -9 25 -60 -62 -34 86 1 -91 50 -46 98 68 -35 49 -25 19 -71 85 -40 34 97 85 -96 -7 -27 64 43 68 78 98 66 -85 -77 -47 -70 20 -5 10 36 -27 -35 -7 -80 -45 -59 84 6 73 0 77 66 -7 -45 -80 -96 -74 17 68 -91 13 -98 43 -44 -64 26 -72 -73 8 10 68 32 0 -33 -45 70 -41 20 -25 -46 33 -67 62 -1 -72 73 32 61 -83 -99 76 -61 -55 -93 71 67 -58 36 18 93 80 65 94 75 51 -82 -32 -19 -45 84 -46 33 52 -95 -83 66 -53 88 -96 67 -74 97 56 -70 -86 -26 45 -43 7 -82 -22 2 21 -67 98 -11 -63 91 96 7 41 -99 -89 89 -19 67 
24 80 -62 -41 -19 -99 36 28 -32 -68 -15 70 9 79 75 -20 29 74 -90 -2 -65 20 -40 -23 48 2 8 61 -1 -24 65 -9 -30 73 29 -55 -98 -40 -66 88 6 -50 53 -40 12 -70 -9 -37 24 60 35 78 -92 50 37 27 -57 -5 30 -72 -59 16 94 -18 20 90 -57 -67 -82 16 52 74 -12 -17 -59 -95 -69 -21 -2 -61 96 -54 -46 -73 -2 -86 -94 16 58 -77 -37 -65 91 -49 -17 45 80 -23 15 21 62 16 -2 -58 -92 20 -57 -18 30 -74 -53 98 60 -32 49 -8 64 63 62 -82 41 6 66 -64 -57 91 72 85 -20 -46 -93 98 -73 -46 81 -41 -19 54 -58 -16 -43 34 -66 -67 -40 -1 39 -44 -38 -40 
97 -81 -81 79 8 -20 5 -89 39 33 34 84 1 -83 7 -62 16 -7 -99 10 -78 12 -25 -90 97 72 24 -92 11 86 -71 18 -79 12 -88 -65 -73 -4 -71 25 -27 43 94 12 21 -3 -98 42 -91 88 98 72 -52 25 -54 60 -45 -90 -13 66 57 -96 66 35 -70 48 -40 -77 -16 -32 64 4 -96 30 21 27 -4 -90 -98 8 -12 15 27 77 -52 -90 11 91 -96 -31 -96 57 4 -26 88 47 48 -74 -10 43 48 9 -33 -27 84 66 -90 -41 -25 85 1 23 -4 -29 52 -76 96 46 12 12 -47 -35 32 83 -26 47 -63 -84 -52 -57 60 -20 66 64 -98 91 95 55 -25 -46 12 -3 96 62 -6 65 58 89 -2 25 
-94 75 -42 -48 35 -12 97 87 20 25 -75 -91 21 -83 41 -24 -41 -84 89 41 57 -40 96 -92 -49 -84 -55 -25 88 -96 -57 41 -79 54 -47 28 -14 89 -95 6 94 29 45 70 84 94 -3 -19 -39 -91 13 -65 -3 74 15 91 31 20 -52 -76 -44 95 -46 -42 4 68 -48 -34 68 -24 72 1 -31 -47 -47 98 96 55 50 53 55 -31 -28 -4 7 -85 31 52 -51 66 -31 90 2 -22 12 89 42 94 -42 -10 -40 32 64 -89 -77 -85 -42 15 80 64 -67 17 6 -47 41 -75 11 21 -26 62 60 85 72 -54 -19 90 28 -56 -47 12 95 -78 44 24 -76 37 21 65 79 43 -31 -67 -39 40 27 -96 57 -83 -69 -55 
48 48 72 14 97 54 -76 -2 -76 71 41 -21 -91 -2 67 25 86 -3 19 94 -85 -68 -96 -4 -39 -52 65 46 93 99 -2 -14 40 32 -18 -50 -79 -62 63 89 -39 -78 -99 -37 -71 -66 -50 -95 -84 42 -55 -6 -30 42 -91 -5 4 -74 -58 -59 -2 11 77 36 -43 60 -3 -65 -42 43 83 48 -59 89 11 -83 -85 -72 79 -17 -70 43 38 76 27 73 -97 -51 82 -13 -54 -5 -61 20 -3 -46 41 92 -77 -6 36 -93 -79 10 -45 -5 -52 -79 76 -74 -68 54 -20 24 -67 -9 -76 -92 -8 94 -68 -81 99 39 -27 71 22 -37 62 60 98 -9 -39 -31 -60 77 -83 64 2 34 14 45 19 -94 -93 -21 69 -93 35 -22 
73 -6 41 37 -45 -88 75 26 -15 16 11 80 54 99 -65 62 -47 74 -74 73 51 48 -48 -6 57 -59 43 21 39 3 -38 -84 19 79 -19 6 -4 38 79 36 -70 -20 13 47 42 48 8 87 -89 79 10 26 -19 24 52 1 -93 6 -90 44 -63 -7 -23 -50 42 53 -53 -3 9 96 -51 -62 -21 -53 51 89 -80 -43 -10 -96 -82 -45 -52 41 -72 -5 1 75 21 28 40 10 84 41 -27 -52 -8 -66 59 13 -87 92 99 25 29 16 -76 73 43 36 79 -99 -99 -48 -11 -91 -87 -53 -40 -23 -3 10 30 37 9 -24 -25 -9 44 10 -47 -31 84 62 20 72 -94 22 6 2 -19 -93 -22 84 77 -63 -3 93 31 23 
-16 24 -47 -72 -28 36 48 -99 -82 -21 75 47 9 8 5 2 -30 -72 -18 -48 27 -88 97 66 4 1 81 -58 69 -78 -89 -58 37 57 9 -14 -11 26 -51 49 -84 -70 45 -33 -43 25 -37 -75 34 -67 -28 -88 3 94 25 -25 -64 -51 96 -15 47 44 -99 -66 40 -73 -21 25 -59 -83 88 93 74 -61 -17 -7 31 -39 52 -72 -17 2 49 -13 70 -4 1 3 60 55 -84 -54 -26 -68 -89 59 15 65 25 85 4 17 -96 -19 -30 -78 -14 -41 2 95 -48 -4 11 52 -67 26 37 43 -80 76 97 10 -85 -56 -42 -9 -58 89 -72 -14 6 -96 -58 94 -94 63 25 -83 56 66 64 43 52 -71 -6 -11 96 -19 24 -31 
-43 88 -73 -91 -74 -7 -12 50 83 -84 35 88 52 1 -65 -15 -19 80 76 -29 -12 68 14 16 90 -96 -91 40 78 -35 97 7 91 35 1 -6 -11 98 -62 71 67 -16 -13 -18 5 -46 51 -79 97 26 -57 -3 68 50 14 92 -72 -15 -69 -71 -8 -96 -94 -84 21 89 88 -98 69 -57 -36 -62 47 -10 40 89 34 -35 11 84 15 90 -68 66 73 1 -57 -74 89 -59 -78 20 -12 -81 -3 -84 19 -63 27 34 -29 -54 -73 1 -4 -71 37 31 -65 61 -8 -46 -18 -82 -84 -39 -79 -33 -39 21 90 -37 51 -88 33 88 66 -82 -35 -86 36 -90 61 -63 -42 -33 -96 -14 -7 -31 -68 -82 -49 -61 97 6 -34 51 91 44 
-79 -44 -64 56 83 10 84 70 43 -30 16 35 47 -57 -53 94 51 19 -13 3 -67 -41 23 -42 -68 -14 -84 7 49 17 -70 -45 40 -12 97 -14 -2 -90 -42 -83 -62 5 -93 40 -67 -29 -94 11 -88 -37 -55 -46 72 71 -82 -85 39 15 -74 51 -37 47 -5 39 -89 -72 64 83 -6 -26 77 -74 -20 -72 19 -13 -22 -18 53 -34 37 -95 -49 -61 80 92 27 71 89 -95 96 -81 32 -80 -12 62 50 77 0 -4 -42 -79 12 -21 67 -91 91 -1 66 -67 13 -98 -65 1 31 -6 -3 22 -48 -55 66 96 31 95 49 5 38 2 17 -1 67 -97 -70 -4 -1 -40 5 -50 93 84 82 91 66 -53 16 70 54 -34 -96 26 
27 -35 71 -53 -87 -10 -33 80 10 -37 -11 -74 -26 -65 -60 -78 -9 98 -8 18 -99 88 -73 -25 -69 -66 -91 -92 2 -53 78 -84 -37 -59 -82 -6 -83 63 1 -4 -84 22 -82 -8 76 20 68 -95 0 -58 -25 -29 -51 21 69 66 64 73 -24 42 55 52 62 51 92 -77 -87 -38 -43 -43 65 2 -78 -66 76 88 33 6 2 -60 42 61 74 84 -80 79 11 -15 60 -53 74 85 -60 28 70 -88 91 72 -79 19 -72 -7 95 -37 -89 -35 29 22 -55 62 -66 46 -31 -98 92 -70 86 -97 49 73 -22 21 -18 86 -52 -84 65 83 54 -45 -84 -76 -12 -11 -76 -78 -93 9 -49 61 -85 96 -64 -45 -65 -51 -88 -41 -17 18 
41 42 -89 -74 15 -82 47 -59 -3 54 -69 67 -22 -7 23 30 -18 -39 -66 -34 58 -59 63 87 23 -7 -19 -27 -70 39 -4 66 -87 83 64 -66 -75 -15 3 -47 43 51 -33 68 -30 -52 -58 78 2 -53 -90 31 65 -87 38 65 4 -45 -4 -69 62 47 32 -76 71 -20 -35 -21 41 -6 -76 -69 60 -62 75 -48 17 19 -99 -88 43 -25 20 -38 -19 -92 74 -93 -34 -12 -81 -20 69 16 67 38 -93 -82 -22 98 -28 88 -82 43 -45 -90 2 -66 27 -53 8 -54 -61 -71 99 -38 31 -31 -78 -47 92 89 -92 -29 -58 -61 -69 31 -94 55 -66 35 -84 57 33 49 54 73 32 43 80 -14 -29 -60 -86 -77 47 -1 -9 26 
10 88 54 -72 -87 52 3 -44 48 -43 98 22 -71 -28 -23 -35 67 -84 3 51 41 80 -98 -5 -2 48 69 -23 42 -50 25 87 22 53 -47 55 -39 -57 34 -37 -5 72 -42 -30 67 -15 18 7 -80 93 -32 -84 -98 76 -37 3 25 76 69 60 -83 -68 7 -2 30 94 43 16 -78 -37 18 -23 1 10 80 31 -7 82 -78 96 55 -14 -73 18 26 -69 13 29 -94 -82 -50 -94 32 18 68 -94 -53 78 85 44 66 75 -7 -92 98 45 -43 -90 90 87 -32 -98 -96 -5 -78 25 59 -65 -59 -41 13 18 -65 31 27 66 -83 -98 68 -90 -83 -91 -10 -42 42 -34 -98 -61 30 81 -95 -67 69 -49 41 -31 70 86 -30 31 
-10 -57 -28 68 -8 98 83 90 -58 31 66 -45 22 95 25 -82 -97 35 -65 -61 2 82 25 82 51 59 -61 -70 36 -37 -62 -58 13 57 0 -53 83 75 -79 -74 -29 76 69 -57 -29 47 -44 41 9 61 -5 -69 -42 21 68 -44 94 46 -32 48 87 -47 -60 48 30 34 -33 47 -42 -39 -17 -51 61 -28 -57 70 95 -27 -5 74 88 51 -60 78 -7 -53 -39 93 55 -45 -45 -11 42 -86 76 7 11 -96 74 47 82 -28 55 57 33 -63 62 43 -9 -59 -96 91 -51 -92 50 -63 -48 -56 -10 -85 -6 -59 -48 -51 -72 -71 -9 67 58 97 -22 39 68 42 -69 62 -16 -25 -8 40 -63 -17 -49 13 -79 -22 -13 77 -17 99 
66 38 3 14 -34 -67 -31 -13 -73 64 -18 -55 -45 -53 -45 -83 -81 76 -49 12 -37 -98 23 -60 88 -89 53 56 -70 48 73 22 61 -48 -91 21 -16 -16 -55 77 58 62 -86 28 16 -98 3 17 90 -97 46 48 34 65 21 8 65 -98 -51 -65 48 67 93 -57 92 97 89 -53 -46 -13 -70 -16 -25 13 84 64 -28 -60 76 6 85 81 -74 -66 -59 15 -6 -49 -39 37 -78 81 -37 15 -62 81 78 -55 65 79 -37 -85 34 -81 85 -61 -57 14 -28 -37 54 -15 15 79 20 -76 -41 -98 12 20 88 -9 -37 45 -13 -91 -84 -45 -77 -93 10 -92 -86 57 -49 88 -45 68 86 -43 -58 91 88 95 47 87 58 -29 83 45 
-51 81 57 38 43 3 88 -61 -31 69 88 79 45 -77 -73 19 16 -93 13 -48 -11 63 82 36 -66 45 -89 62 38 79 58 98 -39 0 79 0 -19 69 -52 30 -83 -89 2 13 -60 -89 85 -11 -13 88 54 56 97 -35 -54 71 -71 79 20 74 -22 87 -82 -62 -26 -53 79 -37 -53 95 -84 -92 56 84 75 28 -96 -9 95 10 -1 43 -51 43 -23 96 -92 -42 4 -65 -97 -48 84 52 -72 -13 -85 41 81 41 94 -33 94 43 63 -72 4 73 85 43 -38 -43 92 -59 72 -18 -45 -55 83 23 -50 -6 -34 99 -17 -64 42 37 -72 -50 40 -23 -39 -58 -52 17 14 58 99 49 -60 27 29 -68 49 27 -72 -59 -95 93 
19 -65 -94 2 -17 78 28 -8 6 -94 63 -74 -60 -52 -89 33 67 10 28 -54 77 63 0 42 -46 76 68 -11 -5 24 -34 77 3 -85 -23 -69 -58 -58 77 69 94 -84 70 10 66 -6 -57 18 -81 -82 92 -67 -49 -40 -30 -74 52 -99 -86 -38 -14 62 82 90 89 38 8 -80 88 53 13 -95 -17 38 42 -72 79 -24 63 65 32 -48 -26 5 -5 5 -85 79 -89 -98 -91 37 77 38 -59 77 -96 28 -76 -12 -28 40 75 67 -44 19 18 57 -91 80 87 -54 84 13 99 -75 99 44 52 1 35 4 40 67 -15 99 78 -79 -45 45 -82 -54 -5 -84 67 28 68 -63 43 -3 -8 -40 58 -56 -27 -24 45 -72 99 -89 
42 63 -73 -16 41 -58 36 -64 -53 -18 91 -56 22 -29 25 50 7 -57 64 -8 -27 12 -81 -97 74 86 -31 88 -94 -87 -78 -70 -63 51 80 62 -27 88 16 -28 -43 -95 -19 -13 -11 -20 -37 2 -69 -73 -48 -28 -85 89 -73 30 -99 -76 29 -31 97 48 38 13 -45 -88 -33 -54 -96 -68 38 37 56 33 14 89 28 59 -65 -95 86 -50 70 -66 -70 41 -13 49 59 29 73 86 -64 27 75 24 95 99 -45 -84 89 10 -82 -36 30 -59 -24 78 -98 99 14 90 -2 -17 -47 69 -53 71 -50 -94 -20 79 -34 -25 -6 -99 -82 -70 86 61 97 82 73 29 -13 10 -62 77 79 2 -90 92 -88 -21 -54 -4 -65 -26 4 -33 
6 -56 -66 84 36 -38 -62 -87 -22 5 -29 -79 72 72 15 40 -19 -14 -6 95 -41 -39 45 -88 -65 -77 45 -4 26 8 -35 -87 87 40 69 68 -36 34 -54 -93 64 36 -32 0 10 -80 -31 -42 34 95 -2 -80 -42 16 -4 75 95 35 -95 -93 -7 5 87 99 97 86 66 -94 62 49 -55 -5 -57 75 7 94 -37 21 -90 -62 -57 -27 -82 33 30 28 63 62 99 90 -9 49 -40 -89 -44 66 -29 -98 -45 51 -72 -94 -81 -34 35 -7 -22 -42 33 -65 68 -92 25 17 32 94 -85 -30 -34 -11 60 -10 -58 -16 67 -81 -2 -14 -88 81 -13 -3 23 -28 57 -2 -38 -88 32 31 53 -47 -72 -12 -6 20 -45 -1 -4 -46 
-38 41 -67 53 4 45 -46 -27 24 -87 42 50 43 34 28 4 42 14 -66 -58 14 37 4 94 -2 -26 73 16 -19 -35 -73 -23 33 25 -21 63 4 48 -30 -81 48 24 -22 20 71 58 48 37 28 -61 98 69 13 94 32 -56 -52 95 -96 -82 41 99 79 47 -16 -76 5 75 -34 -66 39 -24 -59 86 -98 -65 20 50 58 -34 27 62 81 -5 94 -19 -88 71 66 43 -78 68 -47 75 -58 -56 -38 -76 29 -20 -54 60 54 -17 -30 91 36 6 80 -93 -41 -55 39 21 -98 -73 87 42 -63 54 -37 -7 84 84 61 -24 -16 -26 98 27 -80 -96 -60 -59 -47 45 -60 -43 8 12 97 -47 60 20 42 -3 11 95 38 -6 
-52 -62 -94 -98 -79 -21 -31 84 49 -83 -76 -57 -60 -65 10 52 -79 -1 -80 -9 -4 -71 3 -54 -86 19 38 -17 6 -28 -45 -36 -20 93 -62 1 49 69 61 13 -41 37 8 -65 -97 -56 61 30 -79 94 -62 -61 83 26 59 44 -84 -66 25 20 77 -62 40 4 -88 -36 46 82 -46 -30 -91 -4 13 68 -42 -68 -32 54 75 -3 -26 -51 -73 19 85 41 38 -15 -98 68 -87 -58 10 83 42 73 -33 -43 -40 -53 81 -19 91 -92 41 -46 -68 45 15 -1 53 -23 49 28 -66 41 -3 -46 66 61 55 93 -13 9 -64 -1 -53 94 80 -92 -26 -87 -24 -51 -61 -68 -71 12 -61 6 -91 -23 -32 -14 -75 35 -99 18 -12 -83 
38 -68 -51 -2 -37 -92 2 -34 49 -29 31 -26 -60 94 37 56 -99 -10 -15 43 70 -15 47 91 88 7 -88 34 44 -32 71 27 -30 -61 -9 -1 -97 -99 -97 -48 -44 -88 -59 44 17 26 -93 -58 -64 99 74 72 31 -56 40 -72 70 -77 -28 -25 -81 -51 -54 71 33 60 85 63 21 -8 -56 87 -26 -65 62 -56 -24 56 69 27 89 19 45 -76 94 -58 34 14 -77 -24 -15 -26 58 76 -55 -22 84 -23 62 28 19 -70 -61 69 -6 63 -88 -21 29 -11 67 79 -15 -5 25 -25 54 45 -30 28 -99 -37 -13 -17 4 -70 92 -5 45 -89 57 26 -88 -64 -56 -61 34 55 88 81 -8 -56 50 -37 23 -70 -69 1 -89 71 
-60 93 91 -2 -34 -96 -11 41 70 85 -21 85 87 -33 27 -81 -28 -53 -29 46 48 -38 -51 -71 -63 32 -89 -98 28 40 -11 79 50 8 8 -34 -87 1 -4 -95 83 35 -39 51 -28 80 91 67 22 34 -99 -62 33 36 -95 51 51 21 -72 87 44 -75 -82 93 4 -99 26 25 -90 -24 -65 -75 -78 15 64 -73 82 48 -15 13 7 -2 -10 46 -96 -66 17 -50 77 83 -27 90 -46 -11 -22 -90 49 -73 -29 51 73 54 63 24 -53 -95 73 69 -53 -62 -4 44 -89 -35 78 60 69 -28 56 -36 18 -23 77 -22 -94 -50 -16 -32 -2 -42 -69 -37 -69 76 92 3 99 -70 -64 62 91 -22 -33 -42 -82 -79 68 -36 -44 -73 
73 -12 -77 97 2 78 -34 -56 -36 29 30 -82 87 82 -86 62 -44 -68 -35 41 84 -58 -75 28 -80 -27 30 85 94 91 -40 -88 -83 -29 -48 98 -4 -17 -47 8 -25 32 -1 94 8 -33 -42 -18 19 48 -41 4 36 -26 -89 -74 56 2 -33 -72 -53 -16 -41 -13 -20 -39 -9 -63 30 -6 -27 -30 98 -11 81 8 -79 -79 -50 85 -2 -9 -38 20 -99 40 -52 -93 -50 49 -13 -97 36 82 37 -33 45 -40 -32 28 69 -98 78 77 81 -6 -91 -45 -71 0 -2 95 30 19 -91 -97 97 10 16 -63 -86 14 70 38 -80 30 46 -7 95 -30 78 -12 -6 90 94 50 97 52 -94 76 -91 -93 -87 32 73 66 -60 -79 -94 -80 
41 28 81 22 -55 -91 62 8 -30 18 58 -17 -35 35 -74 -55 54 33 -81 -25 -77 46 -99 -93 -83 -14 53 42 4 61 -22 98 44 24 -97 -49 -12 -80 -47 32 -61 55 37 67 79 14 90 -11 36 36 91 50 -53 -73 72 -81 -35 -24 -23 59 80 -57 -97 -85 60 4 54 82 -19 -65 86 -27 -47 -46 -5 -73 -45 -10 -81 36 -11 -59 39 43 -4 26 -8 19 5 -69 78 -15 -11 18 52 -41 -56 92 99 -14 39 -61 -32 -73 -22 -16 -95 -94 -30 -72 81 -98 -78 1 28 37 -46 87 15 27 44 -58 -20 -95 7 65 56 -57 -14 45 48 98 -97 77 52 45 55 -5 17 -87 52 24 91 -24 21 -68 -48 49 67 -29 
23 -26 -79 -80 -80 15 -56 -99 -50 -57 50 -73 95 38 11 -37 -67 86 -6 -39 -88 -88 73 -76 -38 -80 40 -8 42 32 78 -25 -6 65 94 29 59 80 42 -73 -78 13 85 92 -33 83 -27 -38 44 93 -24 -39 42 -68 51 7 86 63 51 -38 57 -75 43 -8 -56 -5 66 59 92 -78 8 -96 -42 -82 -56 10 41 -21 -20 51 22 -24 58 -19 41 97 6 45 -74 -1 70 23 -55 -60 -65 56 81 25 18 60 88 11 -77 88 -5 71 -94 25 68 -87 70 14 -90 46 -48 -48 -86 -97 -69 -90 -24 -76 22 85 91 -2 -78 -79 -29 6 -3 72 -59 98 46 80 67 -63 17 52 90 -43 31 9 -99 26 27 13 -9 20 
6 66 -66 -51 6 10 -15 66 39 -82 -17 -57 -17 -16 -49 13 -37 36 -35 64 88 36 -44 -86 18 -89 -74 -51 -45 -70 24 86 -61 5 43 59 71 31 52 44 -56 69 95 -11 44 49 -83 37 0 14 -98 35 85 13 -76 -75 -87 42 5 -94 42 -76 -75 78 63 -21 -36 -62 64 -89 -74 92 -39 -88 -85 33 91 71 37 -94 4 40 -68 -91 29 17 99 85 50 -72 3 2 89 10 -94 7 -20 -74 -51 53 -95 -58 -70 -94 -86 -32 -58 -88 -77 84 -3 20 -25 36 85 -96 -28 -84 42 27 -53 33 -72 -43 -87 96 16 -35 -83 -46 50 43 35 -95 -3 -82 -92 43 0 42 -64 -72 6 -46 32 85 10 -48 98 39 
-52 54 46 -12 99 -33 15 -76 -1 -7 36 -18 37 -42 6 17 -93 26 -32 26 95 -98 -83 -74 9 19 87 26 48 58 12 -73 -84 -18 -58 53 -61 38 9 13 -89 95 -10 87 65 -28 53 -52 99 -68 39 -14 6 -86 80 58 53 45 -46 -70 -20 82 33 -98 31 -37 87 -88 41 30 73 -46 38 -52 -39 -40 -22 -35 -22 64 -30 60 84 -96 -68 53 -32 -83 -39 -85 66 -30 -99 -37 0 59 -39 -60 -45 -60 81 -68 -28 -50 -92 -24 -78 -65 -39 -84 70 -48 -75 64 77 80 -89 5 14 62 12 35 92 39 -55 -22 78 -42 -89 8 39 22 41 56 -13 -96 -40 26 82 -96 -29 -19 -24 -98 29 -7 -76 89 50 7 
-12 70 -93 38 26 76 -75 58 1 73 -38 44 62 18 -24 -31 1 14 29 69 9 -35 -58 -93 -19 -36 -23 -84 -15 43 13 97 88 36 20 -48 49 -39 82 81 -87 -78 -73 22 -98 -5 87 -7 10 47 -95 44 3 17 8 87 84 -27 -23 -83 40 -47 -75 -23 33 55 -61 96 -17 -22 94 84 -40 -15 -5 -19 -7 -82 -18 5 -8 -28 -51 -97 -57 -69 48 -79 -37 74 99 66 -97 -62 -10 -12 12 -70 76 5 84 -50 32 -84 -60 -22 79 -12 -20 -93 10 -74 -14 91 -26 -48 -53 -51 -46 33 -46 -10 -12 -88 68 -16 71 -57 -11 68 0 24 -19 -61 -24 -33 66 22 36 -52 -80 -60 89 -16 38 71 -38 16 57 -58 
-3 95 14 -64 -78 50 24 35 -37 62 91 -54 -42 22 76 -1 -5 -61 -17 29 -7 -98 -79 34 82 -49 75 -44 -53 35 18 69 -62 5 -79 -40 66 5 -38 -83 46 -76 15 -44 -84 30 -33 44 80 67 1 -99 83 79 -11 3 3 -62 -72 12 -88 14 84 54 66 -71 56 48 -91 2 62 -99 -48 22 44 34 -87 9 55 -4 -29 -65 20 28 92 -48 30 71 -67 26 16 -55 73 57 29 -39 37 15 47 -23 58 -80 -48 26 -72 55 48 3 -31 -72 -13 27 21 15 -43 3 -13 82 57 32 24 89 -57 59 -60 24 -48 -4 -97 35 31 -56 17 73 -68 -13 89 -80 -33 4 17 2 -12 22 42 -56 39 -23 94 -22 
85 23 -58 14 -51 -52 40 -7 -97 6 -32 42 -53 -94 11 59 99 -46 -75 -93 25 97 55 0 76 56 81 13 -17 -90 32 64 1 73 49 67 -11 89 -58 93 -34 80 -73 71 -38 -35 -84 -39 30 -69 98 93 79 -94 41 99 73 -96 -18 42 76 -86 57 13 60 23 -51 -87 -22 -61 -67 -62 -91 -2 -61 0 60 -47 78 38 81 -4 -43 43 82 -5 20 -78 35 91 88 60 70 -60 -48 78 -38 -93 -78 75 9 25 84 -94 -36 18 94 -32 -10 -95 -22 62 16 -94 -19 39 72 38 72 -20 40 -25 -47 -10 -79 -63 -99 -79 -81 -88 -37 -83 -28 43 -12 23 -41 31 -43 -4 -14 -36 41 55 -7 -3 -81 70 34 -61 
25 63 21 64 -20 -7 -13 -86 -74 -80 83 77 -19 54 -92 -16 99 -15 57 -87 -50 -25 56 95 80 86 70 13 -13 -60 -83 50 46 47 95 94 46 -80 -82 31 -28 87 -10 84 81 63 46 -53 99 -31 69 57 -21 42 3 46 -48 17 36 36 7 -16 -53 -35 77 -64 -23 18 -98 48 76 24 -23 95 21 18 51 98 -40 -18 72 -43 30 91 -95 -92 82 -33 72 99 -38 -86 -41 -66 47 -16 -48 -30 98 -8 -73 -58 -78 -23 -58 83 -75 25 -79 49 26 -4 71 74 -53 48 -16 -85 25 65 -79 41 61 -9 -87 -43 85 76 -20 31 75 58 12 -8 -11 20 99 22 -9 -12 46 -7 -88 -42 53 66 30 -89 77 -71 
22 33 -69 -27 -83 -78 96 -28 -40 76 -77 26 -11 79 -31 -69 -82 -30 31 -27 42 51 -32 -76 -15 38 -97 98 36 27 15 1 15 70 -43 22 5 76 68 83 43 97 96 -65 -51 75 88 -2 -55 87 -57 12 13 -51 -69 -22 -97 23 -77 40 88 7 83 -37 92 46 -56 -59 1 19 -73 94 -12 -5 -70 88 -49 -33 -26 37 29 86 46 -76 29 -7 -49 -5 -83 -17 39 31 -45 -58 -49 -56 41 -65 21 95 0 51 -52 89 14 6 -32 41 -84 95 24 -97 36 11 95 -88 80 -80 -62 -24 34 -98 71 4 42 -64 -43 22 96 99 8 91 -58 -12 -51 -48 -19 -67 20 -8 -16 -90 67 -58 -91 -41 -13 -80 7 2 
-20 -37 41 -7 -80 51 14 -9 28 -99 49 -98 -76 -98 18 -97 95 -59 47 -51 20 -32 -64 35 0 -38 56 34 -83 92 68 38 64 -39 16 -60 -3 -1 61 -9 -55 -57 11 7 -94 -42 75 -18 -72 -53 -16 54 64 -52 -32 92 -69 6 -69 -51 -68 -81 50 44 -12 -86 -5 -71 59 48 -54 5 -75 -18 5 31 -50 -97 -98 -57 -35 -70 60 -7 -10 41 -43 -62 3 -57 28 -47 -82 3 95 18 2 67 -80 -62 25 8 -69 70 60 72 48 51 8 74 36 59 -28 76 2 59 -95 37 3 -92 -12 78 12 41 33 -26 50 -72 79 40 87 -66 -74 14 -49 -43 61 66 -3 53 -56 -12 -40 -28 -85 88 -81 54 -52 -15 
-27 5 -48 19 -44 -96 -29 -1 79 18 49 -82 93 -16 54 -68 -97 31 2 -30 96 76 83 57 14 0 98 -6 8 -61 12 -36 91 -33 -92 39 -90 -84 -71 41 -37 95 -47 -28 57 72 -62 -47 48 -43 21 -57 -37 95 94 72 -54 3 -44 -41 -90 98 -14 92 66 95 76 5 35 -50 67 -76 29 -56 -39 46 78 -42 -15 -89 49 -53 -76 -66 -49 95 -80 -16 -76 73 6 -2 -55 -43 99 -58 -18 54 45 -53 8 4 72 -79 86 62 61 -29 -68 -82 -34 -31 58 15 48 -4 -73 65 30 -91 42 -99 91 57 -74 49 41 17 84 9 23 56 -52 -13 -16 37 -77 76 32 -98 38 60 46 -24 -91 97 -1 57 -79 22 
-52 19 79 -4 -66 -50 -37 -81 -38 98 21 -17 48 -54 -32 5 26 66 -29 -25 6 18 -41 59 -27 -9 -71 -55 -52 -9 37 -51 -43 43 -13 41 19 95 43 -39 -95 66 -7 14 80 -87 -84 -86 -55 38 83 -26 19 -60 84 34 52 70 -86 6 -29 -34 38 75 88 -39 -25 8 -43 32 70 75 -4 66 74 9 45 9 63 53 -82 86 97 -69 -54 24 54 -16 -74 -9 77 58 83 -31 -65 84 75 -31 48 -43 -19 -1 -51 -56 42 -66 33 -62 -53 55 -63 -61 37 -24 49 -92 97 -40 -58 48 -73 90 -30 -11 37 -14 -85 -35 41 34 28 -33 72 -57 91 48 -99 -69 -87 48 -51 -74 -40 38 1 91 -68 13 48 51 
-52 -72 7 76 -93 -52 -1 -38 -31 -15 9 -89 -78 -21 94 -66 -30 -37 41 -83 32 13 -47 55 70 96 -14 11 -88 83 35 -44 58 -82 18 99 -49 91 31 -79 16 35 -77 67 37 70 -61 10 -51 1 49 -24 -34 83 3 89 53 6 71 -33 -97 27 55 -88 -27 -31 55 -43 -89 51 65 -12 -66 74 47 -59 13 -71 -77 80 44 67 16 -24 -59 77 -79 -28 -46 -90 -77 -13 79 84 -25 37 -59 -36 -87 -32 -85 36 81 46 -20 -59 -32 4 95 62 -79 48 -96 -27 48 80 4 26 -44 -52 21 -14 22 -89 -12 -55 69 35 28 -24 73 40 4 79 -37 62 71 -52 92 94 -66 -40 -66 2 -52 5 61 -1 -10 -91 
83 42 -45 -31 -94 -39 62 -7 -85 96 60 -75 -65 -70 -54 -47 -74 78 38 -32 -53 47 -12 49 14 -97 94 36 81 68 -98 99 66 -48 82 45 92 -71 7 -29 -31 36 -88 91 -34 -95 -36 81 75 64 66 -37 -17 47 -58 84 84 85 -84 60 70 -94 -40 -28 -57 -54 98 75 94 87 -31 -45 -90 90 -84 87 -66 -64 0 13 -98 93 57 52 -21 -51 -78 56 -89 -13 -67 77 -44 -80 9 -92 -67 11 -72 51 -54 55 41 -91 -30 64 58 -48 -15 30 -87 41 59 90 -26 -21 -82 44 38 34 74 37 -38 54 -51 19 -6 -70 45 71 -27 -71 96 -75 -78 -53 -8 -37 5 79 -3 32 29 -49 -31 -58 9 0 -28 88 
-35 88 -12 -88 -3 83 17 -5 -33 22 -64 18 98 60 -83 4 -82 -5 -78 96 -45 9 55 97 60 -32 11 -35 -56 -63 51 48 -2 -58 -88 -21 -40 7 -5 73 0 23 -94 -15 50 -61 -49 6 62 -52 97 38 -43 -31 91 -80 12 -69 -75 61 -50 84 49 76 -85 53 63 -56 3 -78 65 -18 6 69 -32 87 -79 23 -28 64 -55 -53 -37 -60 32 -87 48 48 -19 20 59 -69 59 -56 19 78 -10 -18 -29 -72 51 -56 25 -45 -25 12 45 10 -31 -57 50 4 10 94 75 95 -64 19 -83 -41 26 33 54 33 17 28 -22 3 88 -11 -87 -67 -63 82 -48 -16 -67 37 -43 -67 28 -29 21 -55 -58 33 -96 -61 -65 -96 
39 53 -71 -29 -12 -19 -46 36 -95 -13 -49 -83 78 40 90 -70 -51 -63 79 29 53 4 79 79 38 55 46 48 87 -98 -7 -37 -60 -47 -56 -17 99 78 -15 24 -75 29 -40 67 68 -34 49 -34 -57 8 -64 54 -83 -99 50 -93 61 -65 -18 -57 2 -95 -28 -50 70 96 -36 -50 -22 38 -55 38 -89 -11 48 -32 -10 49 13 -91 16 47 66 21 20 99 39 35 88 -81 -89 -23 -30 18 -90 66 69 -75 54 95 -91 -86 90 90 70 -92 -7 -90 -91 -17 64 -31 -48 34 12 48 -91 -32 -57 -65 -1 -20 91 73 34 79 -52 -1 47 61 16 -74 -21 -31 -6 -47 57 -36 -43 49 64 -5 -77 92 -28 33 -95 79 -3 28 
-84 -37 11 66 -49 68 -74 98 35 -78 -33 61 9 -73 12 -74 -40 82 70 71 -78 -73 -52 40 17 -90 -55 -34 -44 -25 59 13 88 8 -20 33 3 -53 -85 -67 -24 60 -46 37 49 30 33 -71 -13 80 9 88 -48 62 41 47 -57 -69 -43 73 -2 -24 68 -2 39 79 57 47 -23 -34 -20 74 13 35 53 -80 -94 -70 15 -34 69 -93 -95 -7 -47 50 88 31 -18 85 82 0 -64 -81 23 -27 -77 -43 -79 -56 -48 -97 -31 -2 51 -79 0 -34 -70 -35 -60 -81 63 -3 89 11 2 -74 9 11 97 -72 40 -25 -62 73 -54 92 47 97 95 30 -24 19 17 -9 18 40 79 66 -33 -65 38 -56 -84 92 -84 -43 94 -82 
49 -57 -5 60 38 71 -66 31 -41 -72 -59 -34 86 -45 58 -92 21 -5 21 20 -13 4 27 22 21 -27 -17 9 29 -32 34 56 -1 -79 69 -98 73 9 -76 -26 16 -66 16 -15 -56 76 -28 15 50 -16 -87 5 -96 -74 -84 41 42 -56 41 9 15 -94 -1 -23 91 89 -5 65 -66 38 50 97 -47 98 9 9 12 1 70 82 -77 92 95 15 80 4 -78 84 -31 -63 -3 17 90 21 75 21 -96 -88 -33 -59 74 -80 -15 80 -98 -47 91 -20 28 -92 72 -15 -9 -51 -60 21 -59 83 -87 89 26 -6 -30 -25 -35 34 28 69 -1 35 70 21 51 -93 55 -59 85 -57 -32 24 -29 11 20 58 14 59 -95 -98 -23 -29 
-82 64 -59 -9 -62 24 -40 -75 -4 -61 54 -82 -21 53 -37 -27 -74 -18 -49 -94 4 65 -98 33 -14 81 -27 -66 -4 53 -76 -32 -87 53 46 -29 -96 -27 46 -93 -41 -23 77 -42 58 71 -51 61 82 -72 -11 51 -44 2 -91 29 42 99 72 18 -74 34 -54 -18 -6 69 -97 69 -78 -55 18 99 -4 -38 93 -78 73 -24 34 -51 13 -59 43 93 82 69 -51 96 -92 33 42 -62 32 -38 79 -44 -44 -27 29 53 -79 59 57 -81 -28 56 30 90 18 -27 42 -2 -65 67 -60 77 66 31 -8 62 -10 13 55 42 6 -52 80 -39 93 -84 -38 -48 73 67 26 53 73 59 -41 -87 -38 -70 -53 -57 -3 -6 2 -40 72 26 
-29 10 34 -29 -71 60 -68 83 -37 -88 -37 65 90 -19 -2 -99 -93 33 -28 58 -99 37 24 75 -35 53 -17 42 -58 12 -57 84 -75 -62 40 20 84 -29 -39 33 29 15 64 7 39 -15 -31 -22 22 -70 -37 40 -29 81 83 -1 5 -10 -7 94 -82 -1 47 -41 -92 -88 -75 -46 -88 -6 -95 74 58 91 -72 -68 -29 -7 -45 -21 -34 -49 35 95 32 -23 -5 -79 62 89 63 1 7 -82 -26 10 13 -93 10 12 97 30 -56 -7 -90 67 36 15 24 -57 -39 -3 90 95 -73 -15 -38 68 -12 -31 71 91 58 -68 -37 -24 81 87 22 -94 32 -4 -3 -74 18 88 -61 13 69 -58 -98 33 38 -88 61 -11 -84 81 28 30 
53 -4 11 67 37 -25 57 77 87 -47 87 70 91 76 37 93 -34 0 -91 87 -27 -66 -98 79 -29 45 92 4 -12 -81 7 -61 -38 -74 23 -92 70 38 16 -22 -83 -97 51 -17 -11 -22 70 41 -76 -87 -6 98 -22 18 74 68 -80 8 -61 -47 -31 -70 49 -12 11 47 -14 72 85 -87 -82 27 2 18 88 -21 -7 11 -45 -93 -39 15 63 -56 -67 -57 97 43 -13 -91 -13 52 -20 -66 -24 97 -70 47 -47 47 93 74 -75 -6 12 -55 -66 44 13 -93 5 -33 41 46 -15 -94 -85 46 -71 -84 -2 22 -99 -40 -24 -91 -14 -54 46 -66 -81 -5 -2 -57 -73 -14 -46 -15 -26 -62 -4 69 29 -70 50 0 -64 25 -80 31 
76 66 71 33 -55 -33 -12 67 -19 4 28 -19 -71 -90 71 -6 68 82 8 38 -20 57 -25 84 12 60 84 30 75 -93 -95 80 -91 -25 44 70 -33 -59 -31 43 -25 -79 -63 20 -67 -55 -89 88 -35 33 13 98 -37 48 56 -6 5 -20 62 73 37 31 65 85 -65 -26 35 80 13 -7 68 -39 -84 40 36 -80 -48 37 44 65 -28 -90 -67 84 39 69 60 20 37 33 -66 27 46 5 57 71 -82 -12 -85 -30 -26 36 -83 30 52 -32 -52 1 -20 83 -95 -6 8 -10 -41 53 -11 39 -79 35 -34 71 27 85 27 42 15 79 -41 -79 74 27 39 -52 17 -77 44 -15 -62 12 -54 -57 -6 -10 70 -23 36 18 -40 -86 
-82 -59 -86 11 85 84 12 95 -99 -72 48 -6 67 73 33 82 -95 -94 -30 -95 -63 -16 97 0 -73 -31 10 50 -3 -41 -29 93 -56 -3 -49 -91 -46 -8 -20 94 10 -76 88 -93 68 -86 0 -6 -86 58 -40 -65 81 11 -28 43 -18 89 7 40 -80 53 93 -90 98 -37 34 -32 -85 37 -29 86 65 -19 -47 -72 6 78 24 -85 -39 61 13 -55 33 70 -64 7 34 85 66 -7 -53 54 20 42 77 10 48 -80 54 2 21 93 -26 83 39 11 74 -3 0 -49 83 75 -15 55 -33 65 66 -95 -54 -3 27 46 -92 -6 -14 56 37 34 76 -50 -92 75 -18 -87 56 40 -36 84 -12 -28 -89 -10 92 -32 -14 -16 81 43 
33 -87 29 34 50 -94 -14 -22 30 64 17 -18 62 99 -89 36 12 85 -96 56 -31 -90 -73 -56 21 -10 75 -5 0 -98 37 -60 -51 -46 89 21 -24 -76 -11 -80 41 55 58 21 -48 27 91 77 -40 98 -47 7 -65 5 54 45 -25 37 -39 82 80 -46 -3 -45 -53 0 53 24 -36 96 -55 59 46 -65 -18 -75 41 -88 74 -11 -64 15 -1 52 -5 90 22 40 -66 77 6 71 84 83 -85 76 -15 74 -41 -95 -74 62 46 51 92 -93 62 70 -19 22 -75 -73 -30 -78 77 -65 -89 -90 -84 -48 -40 -23 -45 -26 94 27 7 74 30 43 62 -44 29 51 63 -80 30 -23 56 -31 -22 -70 -15 -62 23 69 -95 -51 12 31 
-56 -2 -94 -55 49 17 71 -13 7 -42 -20 -2 -13 23 -13 38 -60 -40 -92 -18 -11 46 -30 -10 -61 -32 -61 87 -63 -77 81 -67 82 38 -4 -57 48 82 9 -40 76 44 56 -44 -3 -24 -15 2 42 51 -94 35 -30 10 -3 -62 -4 62 92 -47 9 92 86 -3 15 -49 25 88 -7 -98 81 78 93 56 -67 -45 -76 57 19 -60 61 13 -6 52 -51 -12 80 -26 39 29 25 73 -42 -73 -77 -40 -33 56 80 -92 -7 9 30 55 -57 -88 88 -76 42 1 -10 -81 37 36 62 -41 -83 -81 22 30 -7 -93 -53 3 36 -99 -69 -20 -26 -88 -12 0 -43 12 41 -87 -65 -65 -84 53 30 27 -4 53 14 74 55 -31 32 -31 
-89 -68 61 -89 -36 -62 -52 43 -29 49 -26 99 -3 46 20 -36 -24 95 -68 69 -2 -39 93 -49 -94 -32 38 64 16 -22 29 73 87 -9 21 72 21 69 67 -48 16 1 -92 19 -30 16 75 80 86 43 31 84 46 -84 -22 -31 82 -87 72 -36 36 87 -22 -88 -57 -21 67 94 -95 66 -75 -61 -42 -12 -8 -53 -33 -79 79 51 58 -53 -88 85 9 -23 44 32 -24 7 1 47 57 -74 65 88 -21 -56 2 33 21 -7 98 -82 34 39 -50 55 89 -15 2 -40 -17 31 -64 23 65 -43 59 -87 73 -35 72 77 -3 -49 5 36 26 38 13 33 69 -35 97 26 58 52 68 79 87 -36 -32 -12 -71 72 -84 17 2 -64 
-66 -13 -48 41 75 11 1 22 -16 -96 18 70 87 -53 -15 -70 -99 -54 34 -39 40 93 -99 -13 -53 44 -31 97 -84 -60 -96 -90 34 0 -74 92 23 79 -11 -69 -43 74 21 -24 -34 11 8 40 -89 83 -99 17 92 -35 48 -24 90 -57 -72 -29 -55 40 -15 54 -46 96 -8 -99 -17 -11 13 -95 65 -92 40 80 25 -34 -2 -9 68 -94 -27 -29 -15 -73 -73 40 1 39 -11 -19 38 -7 -96 62 26 32 -85 25 -97 36 38 -47 96 -92 56 29 -96 -18 -67 45 83 -46 -97 -27 47 -35 -8 -26 21 55 60 -42 -74 11 85 -30 -19 -8 -98 -4 -79 -62 61 -51 -93 72 -54 3 -47 -43 -18 52 -59 -88 52 -58 55 -36 
-48 35 -2 -25 -43 -16 -12 12 -34 -21 87 -37 -6 25 11 91 -93 46 -28 97 15 72 -76 50 31 -5 68 -28 86 3 -34 -52 4 16 -12 90 3 -4 96 84 57 -30 -7 81 99 -41 22 27 -37 50 43 28 77 -13 -65 46 38 16 72 -94 -49 -71 -17 66 -96 -62 -2 -44 21 -19 -96 2 -14 -87 -64 58 -41 36 -79 35 62 8 -56 38 20 13 -65 -53 35 -95 -67 -13 -79 -2 89 -90 -72 21 1 -72 99 -83 73 72 99 -3 52 71 -25 -73 66 54 -90 -25 -92 16 -47 80 -22 -31 6 -17 -87 39 72 91 24 -31 54 -26 84 77 -6 -42 -87 35 -97 38 18 18 -53 -50 60 52 -83 2 -68 -71 -75 92 
73 -67 7 86 -72 7 27 74 94 -53 47 70 37 71 13 -27 5 -35 -83 -58 83 -91 64 78 64 -17 5 72 37 -20 46 -68 79 -52 42 -62 36 39 -89 -39 -97 58 24 19 17 -2 1 -75 62 -89 -93 -28 -13 80 -89 74 -81 -18 -46 -77 72 -11 29 0 -43 -25 70 -90 95 -45 -71 85 48 -38 2 -31 50 -16 3 -61 98 -19 -97 -77 -4 -7 94 56 -57 84 54 2 -22 95 -45 55 7 29 -9 47 31 79 2 13 -74 -58 -40 -95 95 87 3 -64 -81 -16 82 -46 26 42 74 -40 -48 -78 -97 -72 11 -14 46 94 -56 -34 10 61 44 -68 76 33 28 -52 6 -92 -84 87 12 80 74 7 77 -11 99 47 
39 -12 -12 -81 98 -68 76 -3 88 -83 80 -16 -86 9 -17 87 9 37 -26 52 2 -89 99 -34 -72 30 42 -42 73 13 27 61 -85 92 -15 89 -61 99 -40 -84 -32 18 -31 -28 -17 -60 0 -32 -99 7 -83 73 44 50 -36 54 49 79 9 28 69 81 25 14 -50 63 -93 -7 -2 -8 -38 -53 98 78 -82 64 10 40 96 -2 -75 -45 84 65 -9 -86 -87 -92 1 -96 -59 -17 82 77 -24 47 -16 87 -2 -91 -71 -2 26 -73 41 18 -72 -23 -20 74 45 10 -28 39 32 -94 -15 97 -55 -80 51 66 73 -21 7 -35 -40 -2 -97 -21 14 73 23 64 84 -46 -48 -96 -34 -58 -31 -30 -26 -79 71 -86 -20 95 -17 96 
-77 -28 -62 49 -31 78 -91 -77 93 -29 69 -64 43 33 -82 -77 -50 -42 14 56 -38 -23 39 64 -19 85 -71 12 -75 -59 -94 -75 68 83 79 -62 -15 61 -37 -22 75 -68 23 91 63 -36 13 -94 -67 -33 93 24 -28 80 88 58 37 81 -76 -45 17 -14 -65 -7 9 80 0 -1 16 5 1 -64 -36 -58 80 96 87 28 -54 -82 6 -93 -10 -54 -36 8 53 -53 34 69 -53 79 -51 -60 -30 -59 43 -81 27 -61 85 14 -46 -15 -87 -93 30 -74 41 -75 -53 8 -77 84 49 24 -93 74 -11 43 -62 -98 41 55 -39 -96 -80 6 46 -37 -11 20 -48 -38 56 45 98 93 26 -4 -89 63 61 77 31 58 -69 -83 39 -11 
-49 -45 -10 35 92 24 -37 68 50 -61 -78 -5 99 -86 58 -44 81 9 -69 78 73 72 94 67 16 46 1 95 -15 64 -71 66 20 -98 -86 -15 -68 9 36 -94 40 -7 -16 14 -55 21 -20 -31 60 -73 -55 17 -34 38 -32 -65 -42 -60 -51 -85 16 7 58 53 46 -33 -28 -17 38 -80 35 -84 7 -33 -54 15 55 -53 -81 23 16 37 82 -75 95 20 -45 -40 -40 -51 78 30 -44 73 -6 3 20 12 65 50 59 87 -90 39 27 20 82 84 6 49 69 99 77 64 -52 -96 50 -54 -84 10 26 -90 -15 63 -93 89 -48 -85 -28 42 -76 59 7 16 77 -92 56 -51 30 80 -87 -67 83 81 22 72 76 -56 -28 -39 
-17 -35 47 -42 64 53 -81 -55 -77 21 39 -42 -97 67 73 48 45 70 -56 12 -61 30 68 18 -32 49 90 -54 -99 57 -68 -95 -13 -11 -80 -21 83 -39 11 -87 -42 8 4 53 47 -96 63 -23 74 3 -32 -47 54 -88 64 -39 -13 77 -87 54 -3 -19 -72 -23 -84 -80 -44 -73 -70 -27 -91 5 32 -47 -20 67 -83 -95 4 -81 -61 10 4 97 -90 -55 -97 52 34 -53 -86 50 14 -34 -7 -81 17 37 -24 -44 -70 65 36 27 -49 0 57 -80 78 -57 -76 7 -16 12 -62 -22 -60 63 25 -96 29 51 -48 39 69 -9 70 97 -32 43 -13 -58 86 45 84 32 66 32 4 78 95 12 -46 -15 -75 -18 -67 -44 -86 -99 
-75 44 -56 -78 11 20 67 83 11 -25 -46 -94 35 -4 -80 56 97 6 40 -44 25 21 1 77 -6 96 -3 -67 -3 -73 -64 13 60 59 29 -95 99 -73 48 80 52 -58 -46 48 -6 93 -45 -75 -45 -35 -80 -53 44 -13 -22 -69 -77 95 -53 11 10 -96 88 -49 91 -77 -81 85 15 48 16 9 -90 0 66 26 47 -4 -33 -43 42 -61 -72 69 -60 -95 6 -26 -14 -29 11 -97 -94 -60 -95 -68 6 80 -64 64 -62 5 -33 -54 -95 83 -86 47 87 -38 -78 -99 -25 -66 45 88 81 -75 29 28 -54 -97 -99 25 -27 25 -77 69 -27 65 -86 -99 17 64 51 72 50 16 52 53 33 -28 -53 -77 -56 -91 -86 68 -99 59 
-50 84 31 14 97 -16 85 -67 -78 89 95 91 -77 93 50 -90 -37 -47 18 70 64 75 1 64 15 -41 -32 -81 -87 -75 -20 90 -36 -17 73 25 37 -19 57 -62 3 -70 60 -62 -26 69 -14 -25 -73 -60 -89 -11 35 29 -58 -46 -7 98 46 65 63 41 98 49 48 -33 -59 76 71 -72 93 47 9 -62 -99 -45 38 -54 -81 73 51 -58 -23 -67 -78 -8 31 -43 -82 -90 16 14 5 80 -41 -49 20 -76 92 -64 60 -52 58 5 -51 -32 -99 -65 68 97 -73 -39 -21 -53 -25 -64 57 -5 93 -26 46 18 -87 -82 -88 93 91 84 -61 -93 12 87 26 73 -6 56 -33 62 19 -72 45 -66 -63 -8 85 -73 -2 6 68 -34 
-22 -66 49 94 -50 79 -24 1 28 73 -32 74 85 -7 -18 -60 98 -2 -18 -83 65 -93 52 95 47 19 80 41 74 78 -37 37 -39 94 -31 39 -29 -45 -88 -59 -92 -24 4 95 -71 13 46 -41 8 -55 -44 5 -35 41 -45 55 69 67 -21 -39 -54 48 89 69 -42 -39 -30 -83 -96 99 -44 -33 95 -2 78 0 27 43 -18 -3 -71 64 34 66 -38 -96 11 34 -51 -46 34 -82 -3 60 -59 -7 17 -79 82 -29 97 30 -79 -20 32 9 0 42 30 93 63 -65 57 -80 27 70 -40 -75 -61 85 -24 -21 27 34 -37 53 93 -82 -25 -48 -12 -12 -41 -27 -84 64 53 -18 -15 -84 -1 95 12 7 -17 52 -34 -57 3 -83 
59 16 30 76 24 -26 -68 -96 5 64 82 -80 87 82 2 86 -65 84 59 -41 86 -12 -40 -74 -10 -85 94 -92 10 14 68 86 17 -98 71 -52 -22 74 -68 94 -14 21 -68 4 73 -57 0 -96 67 8 -40 -92 59 -65 -44 -99 -29 71 28 -35 76 -85 8 -35 -59 -53 68 34 48 19 31 29 7 -46 68 57 2 -52 -68 22 -73 -13 88 12 -97 64 -76 -88 -87 -18 -66 -88 -28 -55 -33 19 12 42 -80 11 -13 -64 91 -38 65 5 17 -20 -8 1 -5 -14 53 63 -70 40 90 -39 -78 85 72 19 -20 -25 -17 -62 91 -65 20 25 -99 -19 77 82 33 39 31 -84 76 -9 53 -43 50 -80 -61 -42 -31 -74 -45 71 
52 57 -14 94 -97 -41 -66 -66 61 48 96 -77 -2 36 -53 97 41 -23 -39 55 95 -54 -22 -33 71 -49 -25 -49 48 1 -59 -46 -33 61 -38 36 -71 32 -87 -42 26 -85 79 17 53 -37 95 -85 -23 -91 59 -17 68 94 45 -62 -85 93 71 -29 15 58 66 -79 -8 -47 93 -1 6 45 -68 -64 10 -8 -48 -89 -90 83 39 59 -68 81 -51 -12 -51 -33 -38 -74 -98 62 93 -17 -37 -73 19 24 37 86 -92 15 69 -98 -36 -87 -32 30 27 -90 17 -13 -31 -34 73 49 -97 32 52 5 59 30 -80 -17 -43 -56 10 29 -33 63 29 93 61 22 -80 4 44 -59 51 18 49 -36 -3 -34 -55 67 -67 80 -81 -44 -2 -56 
77 14 27 -54 -47 -95 -89 -62 -10 58 -68 -23 1 -53 -83 74 -29 12 44 34 42 -98 50 18 34 91 -55 -87 -34 -72 40 90 83 72 49 10 -13 -27 86 -72 -71 97 95 54 -49 -20 94 57 72 -28 -68 -50 46 -73 -42 82 2 -88 -74 -73 -59 -71 -49 87 -14 -69 -13 46 -70 57 -75 9 -49 -70 -92 -77 98 -97 -52 60 24 -37 55 8 -35 95 -77 15 -85 47 -66 85 -66 -2 22 -50 68 70 -77 77 10 -31 -28 -17 87 -11 -59 81 72 98 52 86 -21 -98 17 95 -41 -66 76 27 -78 54 -1 97 -89 85 85 85 13 22 -71 95 33 1 13 96 -1 17 91 71 34 43 63 -17 -25 63 -31 69 -9 44 
12 1 -22 23 69 -27 -77 -47 63 -58 -45 68 69 -22 -50 80 -87 -65 71 -55 -48 83 92 86 -65 94 -26 -73 73 51 -40 13 -94 87 18 -39 -87 8 92 45 22 -1 -82 66 51 92 11 -93 -78 -22 9 90 94 94 -93 49 14 93 -7 -64 21 -17 48 98 70 8 -24 4 -71 -27 16 53 -79 99 -66 40 92 -12 24 16 86 -97 -43 -32 -57 52 -93 42 29 94 33 -25 -49 92 -43 -35 -90 65 88 24 0 45 -47 -53 -92 30 -49 -50 -32 0 -69 10 -58 14 66 -53 96 -2 -22 83 -33 35 66 -76 -50 -11 3 95 -97 -44 6 -30 -97 -69 78 -4 -23 -18 -6 61 -3 -11 28 -24 -34 -16 70 69 24 91 
82 18 -53 -52 -91 -91 -96 56 76 82 5 -34 -57 60 73 4 26 5 71 81 56 68 -94 -61 -85 -68 -28 -76 33 -87 27 -10 99 55 -7 -7 -89 91 87 -47 31 -20 -31 -32 22 70 -25 -10 -83 -4 38 2 15 -19 -6 -14 -38 -82 -86 -33 75 13 -46 -59 -35 -47 -48 -50 64 34 -58 17 11 -68 75 -26 -56 27 14 89 -55 24 -16 3 -51 -92 77 81 -27 -7 26 -95 28 -60 51 -73 -13 -23 81 13 23 27 83 -7 47 -65 91 57 -16 -24 43 -99 -31 -35 -39 80 -56 97 68 -87 -4 -30 -24 -1 -94 39 -63 70 -56 19 -78 -19 54 -23 35 25 -51 63 -49 2 84 17 -26 36 4 2 93 65 93 35 
21 -24 -1 91 -32 38 38 13 38 21 -89 66 -16 -13 4 56 37 7 -80 -3 -43 5 -68 -60 -21 -89 -8 -24 -40 57 -6 -47 -99 -49 -32 68 97 25 -25 50 -99 -38 -61 -18 13 -54 64 -47 75 -18 93 -83 35 64 39 -79 -22 88 32 65 22 -83 -66 -81 -65 -11 -42 65 -9 13 -73 -64 74 -1 77 -77 26 -67 -52 -31 57 81 7 -53 -20 85 -3 88 0 47 42 -16 26 81 94 64 -85 33 10 -6 -23 39 -63 61 63 89 -29 -56 23 -33 -2 -14 -70 8 14 -40 -67 39 22 0 62 37 61 40 -85 3 -61 11 -15 65 65 -68 30 -71 -43 6 -57 89 77 58 67 -60 -67 65 -3 -93 -75 13 -45 -48 
-69 6 -87 33 -45 46 32 -6 39 -22 -70 63 63 -16 3 -82 -61 19 5 71 59 94 -85 95 22 -91 -84 -26 -45 94 -64 60 55 -34 -85 50 -80 -32 -74 -11 71 4 30 46 -90 -78 -3 13 -79 -86 -86 -34 14 25 97 18 58 -18 8 -12 27 -83 -45 -22 23 -53 64 -85 54 -36 90 23 73 43 -9 -96 35 94 -5 -28 81 35 -49 18 -52 33 -45 62 8 3 81 -25 51 89 32 -51 50 74 33 -19 -72 95 17 97 85 63 92 68 -67 71 -36 -74 63 32 34 33 -40 -37 -89 50 -48 -26 -69 93 37 -72 41 -3 6 51 -53 36 -51 -52 79 9 46 52 -7 9 45 11 -17 -87 -67 -29 -25 -37 -71 -97 
82 -5 64 -43 -69 -43 93 -65 65 58 -69 91 -52 76 -81 17 8 -72 -80 -5 -52 -99 75 67 21 -49 -76 -51 26 68 57 -99 -30 -96 -18 51 90 70 23 -63 2 9 39 -48 72 -57 74 70 57 95 -41 -8 20 64 -9 54 59 -17 -11 13 -82 78 -18 -18 -82 73 17 -15 32 4 -13 -19 3 -31 66 64 -65 12 87 1 -65 -85 23 64 90 -69 42 45 98 -32 -93 87 -51 75 12 4 -16 -24 98 -76 -69 40 -59 31 10 2 0 -42 -35 -1 11 21 -12 12 -24 -23 72 65 -27 47 37 52 76 -6 -48 52 59 41 75 43 2 74 -2 24 22 24 60 -20 -24 48 34 -3 -45 80 -91 -64 -58 37 -23 -21 
31 64 95 60 -10 -59 -72 -84 94 -38 65 18 -32 -32 93 -93 30 49 -82 -74 -4 46 -48 -91 59 47 25 -11 -46 87 2 21 -9 33 -27 -20 -94 97 41 8 -1 5 3 -32 57 84 57 -36 80 95 11 -22 -87 -8 68 -60 -63 -65 -52 91 60 18 10 -84 35 -43 9 98 37 -19 6 -72 -97 -99 20 3 81 3 61 -45 6 -92 97 -93 -65 52 -35 16 47 35 -73 -74 -89 66 64 43 62 -55 -53 74 77 -20 59 75 77 -97 51 7 -31 -68 -69 68 -5 58 16 69 -99 84 -85 67 29 95 48 -30 -22 33 96 -68 -51 3 52 36 -67 -94 91 74 5 -66 46 -61 68 28 59 -85 86 56 -81 69 60 10 
-56 -81 39 62 27 33 2 -97 95 95 -9 -65 29 56 70 -11 0 -96 -33 82 -65 -11 -48 8 3 -71 -66 -11 -59 99 -60 28 -49 32 62 -40 68 32 -44 42 -71 60 70 52 65 -30 89 -12 -75 99 -34 15 -1 -24 88 -6 61 -91 -7 -13 -18 6 -19 68 -76 94 71 71 56 -23 -46 -81 89 90 4 16 38 -46 80 -15 45 64 47 -22 25 56 -62 97 -77 23 -19 37 58 -77 -92 44 -44 90 90 5 -10 -74 84 50 41 -7 53 -82 -54 -84 58 93 48 -38 86 30 32 40 14 44 -81 -66 -93 -46 -53 27 -52 90 36 -2 -82 31 -40 48 -1 28 -13 18 -2 -89 19 13 28 -10 -25 -18 58 -25 -26 60 
-38 59 -14 -53 -56 -66 53 -16 10 -1 95 66 28 -17 -56 95 74 38 36 40 81 96 -30 -31 -73 55 -3 98 -38 20 41 -26 -79 -39 76 80 42 -4 4 -44 43 46 57 11 -90 -8 -32 -52 -62 -79 44 69 89 -24 -11 -68 -77 -51 27 46 7 -93 -69 98 88 -4 43 -40 -23 61 -30 -53 97 -32 -6 16 -46 88 -65 -21 -45 62 -77 64 47 -15 -83 -24 -17 -97 33 43 -27 5 -16 -32 -33 -77 23 -45 -84 96 30 -87 -79 53 12 -58 27 -21 -24 -82 21 -19 -9 34 -48 31 -49 9 -11 22 -69 17 81 -10 -70 -93 73 -63 -62 47 -77 -72 50 -70 71 -75 44 -99 73 25 63 24 67 -34 99 61 -7 -89 
-60 19 -5 62 -45 9 14 -66 35 95 -86 85 -47 -8 20 -37 -71 60 -72 -29 -34 9 1 -22 -8 92 -58 -8 -26 48 67 25 62 60 42 58 82 21 56 -86 -54 -95 45 -76 -35 -75 24 66 -84 2 66 13 -56 46 -86 -42 -23 -59 -76 66 -63 -86 67 -32 80 -26 -64 -56 2 -85 -81 86 71 -43 -26 -95 41 -73 5 90 -29 9 10 -18 15 -66 -61 14 -13 31 95 19 47 86 -5 -4 51 10 -36 -74 26 -77 -61 -71 76 35 -2 76 70 -92 -27 -65 -54 92 53 63 8 92 -77 -57 10 -51 11 91 70 88 -57 58 76 44 -49 43 30 25 54 32 -65 95 56 -63 -90 -91 -63 7 -2 42 14 13 -13 -16 
-94 -29 -32 2 -48 -58 10 62 -67 49 67 -97 8 -76 -6 87 -26 74 3 -49 15 90 40 -69 44 -48 -1 -91 34 -1 63 36 75 -74 -39 15 27 -83 -96 68 -23 20 55 -94 48 -1 94 -49 -13 -42 -85 62 -38 -8 8 -94 -38 44 79 10 52 63 23 -72 -76 -28 -44 49 -48 24 94 -10 -8 -97 -92 56 83 81 -70 90 13 -36 -3 -31 -11 85 -13 -13 30 14 80 54 -37 8 97 -26 -52 -62 -13 43 34 75 10 83 69 42 -16 -33 -87 65 41 -12 34 -68 -94 78 62 58 -56 67 -89 -67 93 -71 -64 -9 36 71 -67 34 15 -60 -10 18 29 51 -5 -69 -2 -3 69 -28 81 -13 69 -92 -91 64 -88 -40 
-9 32 62 74 54 -46 -95 72 74 14 -82 -89 99 -22 -57 -22 -79 -53 83 -83 -64 -90 27 97 -45 -71 -2 -63 -95 -14 -80 32 -96 72 75 -36 77 -27 -17 26 -89 -55 -56 -51 -42 44 3 -44 51 72 78 36 -82 1 -59 -32 -9 67 4 -92 36 22 -22 29 -44 45 68 74 8 -24 94 -81 52 93 -37 -5 8 -13 -66 -13 69 -4 -7 65 -19 17 -63 35 -94 26 45 15 88 23 24 19 -34 47 -47 -20 34 -81 -86 -23 73 79 9 -88 -68 17 63 39 -51 63 -61 7 33 -88 -25 74 1 29 44 -28 35 27 16 -37 -93 -4 38 66 97 81 84 -8 36 72 66 5 -92 -11 29 19 -41 33 -18 12 -48 30 
35 8 -85 -32 24 -40 0 52 13 -92 48 -84 -77 77 19 -98 -79 -95 30 -16 -63 -16 -64 -33 -63 24 29 20 -49 -30 -51 45 -46 41 -20 -62 -85 25 -79 -60 -74 43 7 29 65 0 -29 58 -6 47 -1 -17 -79 86 -85 -5 8 12 53 -85 -32 34 -19 65 -33 -39 -22 60 41 11 -2 -31 76 78 14 12 -3 -33 -88 -63 -83 37 -14 -15 21 -1 -88 46 -3 76 -40 -62 -17 -37 17 -63 -6 -22 91 -40 -31 -79 44 89 -61 -97 -32 70 -8 -20 -97 -98 -1 52 20 -88 -52 -82 -35 -80 -81 34 -62 -17 -91 -92 50 38 57 -67 -5 59 -29 -35 55 99 67 66 79 4 -20 -28 -48 41 41 -9 -73 45 73 -45 
-3 -32 10 3 86 8 34 70 21 -62 91 -76 61 50 32 -44 8 -8 28 1 80 -40 -23 -77 68 57 96 55 40 58 58 43 -38 2 63 -73 76 45 -76 -96 -19 65 14 12 48 -17 39 -57 72 -76 -6 -86 37 -2 91 11 52 57 35 29 -29 39 -22 79 42 9 -1 2 -58 54 30 81 85 -33 -39 87 17 -78 -23 56 -89 64 -29 -94 9 -46 64 -35 -3 -19 -20 42 -50 85 -35 -63 19 -31 18 59 53 -99 -35 54 -12 96 -75 32 -7 -54 42 -22 31 16 72 -49 81 6 93 95 84 -82 79 -24 84 -43 -98 18 -95 -3 -92 -12 -3 11 84 87 -29 -90 27 32 20 25 -14 -37 59 -32 -51 65 93 68 
-7 62 61 -42 48 -59 -77 77 -9 29 8 55 3 -25 21 -58 -6 79 86 -23 -73 43 8 41 26 31 19 -32 18 -41 86 16 68 -41 -44 7 63 -80 95 -37 16 25 -43 16 42 49 -62 -53 3 90 -8 -99 -23 71 -10 96 81 17 -77 80 -43 -99 79 -35 76 86 88 56 -38 -59 21 52 61 50 85 78 -43 -91 -27 54 10 -7 -17 61 -58 88 19 35 86 -50 -79 43 -91 -35 81 -69 -73 85 88 -96 58 -37 64 -62 -75 -59 -34 6 44 36 -29 44 35 52 96 79 -28 -81 -90 -3 -59 -66 -35 79 48 15 -42 55 -5 61 -68 -67 89 -90 -33 -13 -15 -10 1 77 -24 95 14 -12 10 58 37 81 22 -61 
-11 56 87 -41 -15 75 70 29 -72 -61 46 -29 -94 -4 2 -76 81 78 52 -63 98 76 15 -11 97 -4 -37 -2 93 40 -69 47 68 -16 -13 -34 -85 44 97 -54 -24 47 -8 -13 93 -94 72 -35 10 64 38 26 82 21 -29 29 38 89 77 24 73 -57 89 -20 -46 -80 2 -64 -96 -55 -13 -36 -34 94 -50 76 93 95 66 59 88 -44 -23 51 -46 35 73 64 43 62 6 63 -47 59 68 81 -73 -72 9 -55 -25 21 -5 54 39 96 -82 -57 9 60 -93 -9 91 -54 -90 -79 53 99 62 -10 46 -10 90 -94 -58 -54 4 85 92 -11 -79 -80 -9 -97 -88 -35 -75 36 -3 -26 -63 -81 52 -34 -19 74 -22 -63 -77 -18 
-34 -48 -38 -50 68 -49 -59 -57 -47 -7 -68 -98 97 -6 82 20 6 30 -61 75 -4 8 -46 -97 -57 -44 -14 -30 65 -37 22 69 -46 80 -13 58 4 -89 14 -53 33 81 32 6 75 -16 -45 84 -42 -87 -36 82 -29 -71 51 26 -43 52 -44 4 -70 45 99 -66 40 93 -50 -49 -83 9 49 80 44 -75 -13 49 -28 -57 33 17 -69 -42 39 90 66 70 -11 -9 -47 -96 -99 28 89 -78 84 7 82 -30 -41 -52 41 99 -36 -5 -79 28 7 -96 -16 -36 -44 -35 -16 -43 94 38 -57 -53 -91 -47 -15 37 59 61 85 38 77 68 84 -69 57 9 68 -43 89 26 56 2 68 99 -82 -82 -97 82 -5 54 8 -20 -14 40 
74 -60 -67 66 40 -27 65 3 -78 -73 86 -15 17 -68 -62 -46 73 99 79 9 -52 67 97 86 93 1 -87 71 -90 -25 -7 -57 25 40 64 -26 31 -82 43 38 -15 -7 -73 84 50 41 -96 -63 -77 -60 39 43 70 22 -90 22 -7 -74 50 -34 -94 79 -82 -17 19 -96 -51 -92 18 -2 -89 61 37 32 -63 -22 87 77 83 -38 7 -33 -68 -95 64 -1 90 84 -75 -56 -10 88 16 -84 -48 -88 89 9 14 -77 4 21 -49 -97 65 -64 62 -3 -21 -68 57 46 -87 29 93 -50 12 48 -31 35 71 76 -56 12 77 -17 50 0 90 83 -95 13 23 36 21 75 22 9 43 -38 -64 34 -35 73 47 16 -6 93 11 -79 
88 23 -79 74 -81 36 55 71 -51 71 10 54 -3 19 84 98 7 -52 30 11 -2 -8 -18 -82 73 -8 -40 -58 72 9 -30 -38 68 -18 -39 -35 -45 -22 54 -50 31 38 86 -17 -29 0 -7 21 15 -41 89 -4 -89 37 -77 79 -47 -52 -96 66 -94 -90 51 35 -53 -17 -33 -70 74 -67 45 9 63 16 6 -87 -81 -1 16 24 -86 -97 4 62 -79 -90 6 -91 96 37 -44 3 -90 40 6 29 -20 -97 -27 -48 -11 5 57 45 71 99 13 25 39 16 -23 63 46 -12 61 -84 68 -93 56 -54 -18 76 -18 -83 -80 -36 -28 -95 41 -88 12 3 62 4 -81 23 -83 41 51 -35 14 -90 -90 -5 -87 81 1 -7 -23 73 
-73 22 5 87 65 -82 61 -76 1 4 35 -9 24 -75 23 -16 63 -57 -33 54 82 35 99 16 50 -11 8 58 -56 -90 86 84 22 32 21 -24 23 23 24 -98 14 22 -58 41 91 23 12 66 -35 14 89 -40 14 31 -89 6 75 2 89 -12 42 -29 -62 -35 -31 64 -26 -13 4 -4 -92 81 -73 -38 60 88 -1 -83 -95 -11 38 83 83 16 34 -17 -93 -77 15 -32 -13 -44 62 93 32 -48 -86 -70 -51 -31 60 89 -67 -86 -23 -89 22 -44 4 -80 -68 -47 -67 -96 -86 -19 25 -65 -54 -72 -93 13 94 -70 -81 94 68 84 75 51 15 -23 -22 -85 -31 97 21 88 74 31 81 50 -10 47 -45 -35 -97 68 -98 71 
41 -92 -98 54 96 -30 -66 -38 7 -74 -69 11 98 15 -53 -50 53 -32 -59 82 -8 49 -38 7 -78 61 57 15 19 -33 72 83 -93 -1 69 25 41 8 -3 14 19 65 -8 -32 -28 -62 -87 18 59 -90 50 79 -12 -13 -36 44 46 82 -22 0 -7 -88 -49 96 13 2 -60 0 -80 -26 -56 -81 -19 3 -81 -19 38 90 -56 67 74 13 -53 -66 -38 45 -92 31 14 -93 24 35 -21 19 16 56 5 86 -46 -20 83 46 -40 -75 28 -73 20 48 52 -95 -2 -14 -82 -24 51 80 -45 -53 89 26 73 61 80 -94 -48 42 -31 55 17 46 5 35 -61 -17 -92 42 56 67 -89 9 15 20 82 91 -44 74 -78 -47 2 -43 
-66 -99 82 77 95 -28 42 67 -61 -16 23 27 48 -82 -85 56 -70 -17 77 -27 41 -19 -74 94 -71 -89 -11 82 -86 92 -6 -91 65 -18 -27 -88 98 -95 -14 -31 49 28 -59 -64 10 51 55 6 -51 44 72 -52 -36 57 40 -80 13 37 93 94 -92 -82 -90 24 -26 55 29 -15 84 78 -12 62 67 -27 16 -28 -90 -74 34 -48 -27 89 -58 90 -96 -59 69 -85 -84 -94 -32 51 -11 91 -28 68 -99 85 4 -83 20 -12 -2 47 91 78 93 33 36 22 -84 41 10 -32 -69 33 -25 -41 -3 88 82 55 14 -44 67 -44 11 -66 86 -5 -69 -2 -85 -4 -66 -72 94 -44 -61 91 -49 -80 56 84 56 -15 51 6 59 0 
-96 -49 -26 27 -78 -38 61 -70 0 -85 -90 -48 -78 -3 -99 58 69 86 4 23 71 39 -91 31 39 -22 37 68 -86 -80 -18 -27 26 -19 -96 -97 7 96 -24 -35 -68 21 20 -70 57 -93 72 -17 -77 78 -34 28 -22 -49 -38 -20 9 -86 -60 0 39 -90 95 -73 55 61 97 13 -32 58 3 29 30 -96 56 78 24 88 -55 -88 68 -64 14 50 96 -55 -94 -35 -39 2 62 4 75 89 -27 -62 -43 51 -50 -50 -50 -67 -21 86 32 45 75 65 -68 54 6 -32 48 -55 29 60 -36 85 89 -87 94 22 67 -5 0 43 50 -8 57 73 -4 -25 67 20 -66 43 -96 -86 61 -28 38 -73 69 -52 25 -15 -79 -6 26 16 
49 16 -3 74 32 -39 -58 -66 60 -26 57 54 1 6 64 90 -51 4 68 -74 -57 90 54 -53 29 33 50 -1 -10 -83 17 18 68 29 -91 8 -47 -80 -55 33 55 -58 -71 69 -32 4 1 92 29 -88 -41 68 -57 -91 -24 90 -90 37 32 66 -72 -47 -29 -9 95 -13 14 -95 48 -57 -82 -96 -41 -34 19 -40 -93 -54 -2 -24 86 34 -47 -15 55 79 -39 -10 48 25 23 43 58 -53 43 -88 38 14 32 26 -72 49 15 75 -50 -93 -79 -65 33 -56 -27 -19 10 -3 25 15 2 -13 -51 -94 -24 -20 81 76 -51 34 7 -96 -14 21 -8 98 24 94 -68 -30 -87 -26 -42 32 26 -55 -19 -48 -31 -34 72 40 -49 -54 
-15 -88 -35 59 0 40 59 -67 -51 -53 95 85 -83 -60 -92 84 -75 -76 -57 86 90 -25 -73 -26 60 -93 -13 48 0 66 -81 57 -88 87 -66 -82 78 97 -32 -47 61 63 -3 16 -97 53 -21 40 52 -93 -72 48 -50 18 -31 30 31 32 98 46 -68 -40 -90 83 45 -82 -38 65 -51 34 -60 -38 -66 49 -2 7 91 -34 0 38 52 -36 -90 3 89 -95 -58 -17 -16 -10 -62 -93 8 -54 -35 -49 -46 29 -42 96 -36 8 93 32 18 -76 -84 95 80 -76 -41 85 -72 -61 -87 -67 -7 -17 98 -10 -79 69 -86 21 -8 -38 -63 -34 -19 21 -99 -88 -4 -88 -3 -47 21 95 -56 83 27 98 -86 84 -13 6 -47 -20 57 88 
86 20 19 7 -25 -70 -73 -43 -66 -25 71 50 -26 94 5 -16 14 85 31 -2 85 23 98 -4 16 58 45 -93 -15 34 67 -7 -14 -48 9 7 -14 2 -11 90 -73 98 39 -28 -24 56 -32 -23 -53 34 74 16 -9 -48 44 82 32 -61 -17 50 -33 68 -52 -59 28 -69 63 38 -70 -20 73 52 -52 -91 -91 -20 -98 -62 -80 -54 -38 48 -15 7 -63 -3 69 -52 -16 -35 -94 61 28 3 -74 -80 60 -44 -88 15 2 -93 -91 -32 -74 38 37 -73 -22 -60 -14 30 61 -93 63 21 34 -52 6 -10 -11 -88 14 96 -30 77 52 -37 12 65 54 -94 -59 -43 -97 73 -19 57 -1 28 29 -46 -90 -51 3 38 -27 70 85 -72 
47 40 75 1 -94 -74 -23 -88 56 33 -81 -90 -79 -30 -95 20 -18 -57 -64 76 69 6 -99 86 25 -70 37 21 18 -1 81 -95 -13 22 -14 92 71 -58 65 -15 79 -90 -76 35 -43 -12 23 17 51 68 57 37 13 9 73 -97 3 -57 -96 74 45 87 0 -24 23 87 -31 64 60 -27 34 43 -28 92 62 70 -43 88 -84 80 -19 20 -6 34 -81 -51 -82 92 -75 -49 45 8 -43 -3 48 -92 -34 -29 92 -85 -16 13 -94 -27 -3 6 64 47 18 48 -59 1 57 -92 67 1 -91 54 47 87 -14 -21 36 30 73 -43 89 42 -65 17 -6 -59 56 10 51 -14 -7 14 27 -47 18 -50 -79 -23 -29 65 -51 -98 24 17 
-98 55 -72 38 26 -74 -80 81 33 1 74 -99 -49 94 -21 70 45 20 -38 98 -13 -90 26 8 -36 22 -72 -91 20 27 78 75 49 -61 47 21 25 88 -25 -4 54 -44 46 59 44 -55 -15 57 74 51 -70 42 -96 -29 -10 -37 -32 -19 15 -97 76 -26 85 23 87 -27 -84 -50 -60 -99 71 16 -26 -65 51 -37 69 21 96 -25 -4 -13 4 15 7 64 -49 -92 -30 -41 15 -80 -36 28 -14 -24 -4 -44 94 -59 12 60 31 -64 -59 56 61 34 71 -44 -47 -44 -48 70 -40 -84 39 41 -35 -21 91 -11 -96 81 96 -16 -53 -33 97 -96 17 -29 -25 -58 83 50 40 8 -43 -23 -23 -91 79 -87 -61 51 -52 67 33 93 
-83 10 -37 37 -75 49 10 55 -50 33 23 68 -59 73 38 26 12 -9 -96 -35 -78 20 72 -26 -11 67 14 -31 -16 0 7 14 82 -41 78 -49 17 45 31 -55 12 93 -5 37 18 -19 62 -1 91 -91 21 63 48 27 7 -11 41 -47 28 16 73 -37 75 -45 -68 23 22 -55 -4 61 71 77 -48 -72 84 -86 -90 26 -71 28 79 -23 15 87 39 99 -29 6 -46 -27 98 97 -3 22 -16 -80 -23 72 72 42 51 93 47 36 -2 -91 -66 -14 -32 -40 64 62 82 -39 -9 88 19 45 95 83 -26 -7 -16 51 -32 26 -60 -83 18 -41 -56 11 -61 -49 -61 47 33 -95 -13 -75 -75 87 -17 98 -38 1 28 -62 -70 72 
-82 59 -23 90 34 0 -47 28 -48 66 -26 49 99 -75 3 85 12 -45 -19 -82 -49 -38 -8 24 65 -44 85 88 48 49 -32 46 -87 -95 -98 -7 71 43 -29 1 93 -86 11 76 21 -44 5 79 77 38 87 83 -6 -50 96 18 -63 87 55 61 76 1 -72 -69 18 30 -26 -7 -42 31 22 -37 75 40 -51 -96 1 -37 97 89 38 -27 -62 -39 -85 38 -17 -71 82 87 -83 78 -10 -36 43 28 21 -21 -55 35 4 -16 -35 -69 89 29 37 24 -43 96 61 10 3 -44 -43 17 15 2 44 -18 -83 70 -45 -98 62 -33 -77 89 32 69 21 63 77 81 -44 -47 -72 -40 -43 -80 20 -24 96 -38 -37 49 12 23 -43 80 
88 -66 -22 -40 -58 -76 -41 95 53 97 -70 59 -86 -84 14 84 27 -41 -24 -99 99 -18 -87 -11 -53 -63 -99 -61 26 -50 -43 96 43 80 55 -18 -41 -17 94 97 72 83 -34 85 2 87 -8 54 9 98 -83 -9 98 16 48 -21 -3 74 14 53 7 7 -48 -74 -4 44 5 -87 51 -89 -56 -50 -76 95 4 -77 89 10 -90 43 -13 89 -87 70 -19 48 80 -31 -20 34 37 99 -58 -12 -84 -55 60 -31 23 -18 39 -8 62 -38 -51 -67 96 -5 13 28 -95 -80 -10 -93 -20 -58 -97 -4 23 -82 -9 -14 52 31 4 -5 -97 12 45 88 -31 24 -8 54 96 4 -91 -6 -34 69 -28 11 81 97 -77 -72 -43 -61 -63 68 
-53 57 -93 -13 77 44 -48 -50 -93 96 10 -79 5 61 4 -37 83 59 -89 68 95 -42 -25 32 62 90 -65 4 24 69 -51 8 -41 18 35 -76 -24 -68 29 -38 -56 -83 -50 31 70 -43 60 12 -73 15 22 73 90 14 -46 46 -35 66 7 -15 -71 -27 -67 -89 87 -81 48 -79 97 -27 47 42 32 79 -52 -63 -81 -97 -43 -19 -7 -68 -17 78 67 96 73 90 -18 -2 20 -80 -25 -82 -68 28 39 37 -89 -22 -22 64 7 79 -59 -39 9 60 -29 20 63 -37 89 6 27 -18 62 86 9 70 -39 29 -25 -69 -46 -10 -10 45 5 -60 -84 -55 -27 -33 52 71 44 72 -12 13 16 -63 44 -70 93 87 10 5 16 -36 
62 -92 38 12 52 13 50 -1 -34 -26 -85 71 -8 -9 -79 -80 8 3 3 -64 -20 99 -44 -71 -76 75 -6 12 -14 -86 -49 51 70 29 -87 -78 -38 -98 -16 -24 -81 17 -54 -54 -3 87 -64 22 26 -85 -58 0 94 -84 -84 48 -12 -89 18 -1 48 85 10 -95 -44 -22 93 97 76 46 0 17 -50 -88 13 -15 -73 95 -29 22 57 -57 -6 81 -7 61 -57 86 -74 79 35 45 23 -91 -66 -12 -7 -6 -45 32 -13 23 -63 -70 79 82 21 -44 84 40 34 37 -34 -10 4 -79 78 -25 -57 65 54 34 -4 -7 -66 -29 99 33 -36 -29 -72 11 -21 17 -30 51 -9 -11 -49 70 15 -86 51 -65 -22 43 39 -34 -54 -9 
-38 24 -57 -95 18 1 -31 -72 -10 2 -82 -92 -71 -79 -27 -64 31 90 -82 -85 -10 63 -60 30 11 52 27 72 -43 -9 -36 -71 79 41 -28 -57 -65 78 9 -59 -96 33 -70 -56 -34 -92 7 24 54 -57 91 -34 -29 -22 9 19 -7 -83 -94 29 -76 -65 -60 99 -23 53 0 91 16 16 -43 -72 -16 45 62 73 95 -97 77 70 82 -68 27 -85 66 -16 -28 37 -89 -33 82 86 -11 -56 -63 1 28 30 -27 44 33 -70 28 -61 -78 44 51 -11 -5 -97 81 52 -86 55 36 25 -86 20 56 -58 33 79 73 90 98 76 12 -97 -25 -71 -34 41 8 -74 -81 40 -89 73 -20 43 -85 -88 -84 90 -98 68 84 -10 38 -33 
55 22 -91 8 -21 -63 -38 -20 -22 88 86 19 10 -12 84 -52 -93 -76 53 75 72 -11 13 -53 -4 69 -25 -4 99 80 -17 10 90 5 -96 86 69 -31 -18 69 -12 78 53 94 47 50 58 -1 -43 -83 -2 28 -57 10 -66 -39 51 -62 48 -68 6 64 -67 -39 75 -85 94 -12 -28 84 -94 -17 -11 -58 92 -63 97 -88 -61 -56 26 8 -56 40 -54 -15 -20 -1 -15 -86 -65 32 55 34 -94 -9 -48 -39 7 12 16 -88 97 48 77 92 -92 89 -40 35 96 47 -21 12 -34 18 -69 -34 -76 -61 90 -97 -54 -77 47 20 14 -40 -35 6 35 69 26 58 27 -57 97 -19 55 -46 7 52 -63 47 -51 -58 19 59 -86 -23 
21 33 24 -97 32 -39 92 -39 -52 -77 -51 -95 29 -44 2 -15 46 8 -84 -79 64 -99 -6 45 -47 57 -69 -79 66 90 63 -45 53 -92 -30 82 -9 -95 -15 -64 -32 -33 -16 -26 83 85 88 39 -59 90 32 89 -5 -63 51 97 54 20 53 25 36 -34 -26 70 33 -99 5 59 -12 -36 68 -57 2 73 -26 48 -3 80 -25 38 -59 -67 -36 -60 46 47 -67 88 55 63 -98 -24 32 -80 -35 -97 -63 67 31 -85 -24 13 -79 78 -4 82 -57 21 -63 77 -56 -75 57 81 29 -96 72 53 87 53 -21 -96 69 28 -2 -14 -80 91 -76 -80 69 -4 40 37 -63 -51 -63 52 62 -48 -96 38 -24 5 53 -9 11 -72 97 66 
-69 6 80 85 29 7 78 4 44 69 -21 16 42 -56 34 47 29 23 97 -56 -25 -9 -90 1 54 -15 46 69 -60 37 45 45 27 -86 91 -12 32 -2 12 57 -38 -39 54 83 -76 45 -9 57 56 -60 54 -95 26 60 35 -39 69 -84 67 -68 -74 -97 54 44 -40 -67 -25 27 -19 -27 80 -72 -1 92 -14 21 -85 -66 -88 -14 -6 -75 -58 -90 12 50 11 -94 -8 42 42 89 62 29 29 63 95 26 -13 60 -73 29 -56 38 -2 54 -60 -17 74 78 -87 -72 -91 -39 -31 41 33 -9 43 -33 -98 -38 -76 -25 -49 37 19 -98 -77 -91 -63 6 -85 67 -20 -11 32 30 -65 -29 61 60 84 -34 31 35 34 61 20 -88 
-59 52 82 37 -21 -24 77 88 61 66 -85 -4 4 88 -92 62 34 93 23 50 -15 -12 -6 -99 -73 62 64 -87 54 -74 -45 -35 -92 -82 -79 -91 -53 -38 25 12 35 73 -65 -91 -88 -54 -67 54 -45 34 44 -69 3 1 85 -11 -26 12 68 -83 21 -28 24 17 -44 -82 -74 -59 -17 52 9 32 59 94 36 -57 1 91 15 71 33 -13 -96 -23 -21 13 30 59 29 39 -89 30 58 26 66 25 9 19 -17 28 29 55 -39 96 51 -49 -34 -10 -66 64 77 17 33 -32 65 -57 -46 -60 86 99 0 -78 -32 -85 42 96 40 -47 -35 95 -95 -30 -88 -22 -55 -42 80 31 -6 -79 -39 60 -71 1 -15 -89 -86 56 52 79 
-29 59 80 31 53 97 57 60 -81 76 14 -47 -19 51 95 70 -6 92 -95 83 -37 34 -33 69 -15 -19 -25 -83 -94 39 87 -19 65 -67 65 46 -58 17 65 16 -25 -86 34 86 21 34 -82 36 -21 -70 -2 -13 -16 99 -66 -68 52 22 -22 -36 61 50 -50 -64 -49 -64 -60 -26 44 -67 -36 -38 -70 94 57 58 -89 -83 73 -84 52 -5 -42 -99 95 54 -19 33 72 -11 8 93 -41 -74 86 64 8 -83 -27 -73 35 -27 -73 82 -78 53 -13 94 52 97 -66 18 -40 70 -6 81 -33 -83 78 -43 -2 22 15 -28 -71 11 89 -45 28 82 24 13 -4 85 -61 -74 72 57 -11 52 -82 -50 -95 -75 -21 70 49 -64 61 -3 
20 58 -34 99 4 -76 9 57 -7 64 65 -73 -29 -91 15 -47 -99 88 -69 -90 -86 -74 55 48 77 -13 -42 69 93 -46 93 -19 89 -63 62 32 87 -18 -74 26 -99 51 -74 4 -29 -61 48 -35 -33 41 -81 -43 -19 10 -69 50 77 -94 84 32 -21 96 45 26 -86 59 -43 59 -85 -71 -4 -58 -25 49 -28 77 59 -46 1 -28 -89 -59 -38 19 79 -7 36 5 -65 44 36 82 73 -9 19 54 5 95 -19 22 22 -66 49 35 -46 23 -64 96 5 2 24 -77 3 -29 11 -27 -58 64 74 -22 76 87 82 97 31 38 3 -26 -36 34 -5 12 -5 -3 -86 96 4 20 3 46 48 67 -90 23 15 27 -7 -63 19 -63 
90 76 4 -76 -70 -20 -64 -65 93 -12 -63 -65 -49 -43 70 6 -72 -65 15 28 52 17 79 -59 33 -96 -84 71 -60 7 -3 65 53 -36 79 -15 10 -23 -8 -57 -84 -49 60 59 -42 89 55 -49 55 27 -40 -62 3 16 94 19 2 -3 -47 -68 -84 37 79 -87 -62 19 -8 4 -85 -98 -51 -95 -13 -20 12 -17 42 44 78 57 -11 -8 61 -12 0 19 46 41 50 79 74 -78 -63 47 -94 52 74 -34 -58 44 -27 2 10 -21 78 12 -43 -58 62 -20 67 88 -13 78 90 -4 -30 -98 63 45 -72 -48 7 3 -93 88 39 -71 -52 -9 11 14 -90 67 -54 -36 -2 57 55 -15 75 -42 -73 -54 88 35 -57 87 88 15 
56 -3 71 17 0 -8 -62 -69 -73 77 -19 64 -63 -44 65 97 82 -72 -94 -44 13 75 -12 -57 -78 43 18 29 -57 7 -79 55 -75 -93 -35 -28 93 60 -12 -72 93 18 -11 39 85 -62 -47 -19 95 -37 -64 74 94 -12 -54 29 -71 -82 54 -87 3 54 -28 27 61 55 -48 46 80 -85 61 80 -7 31 -99 78 -70 42 -13 -4 -37 -15 -79 -79 62 -4 51 -81 95 99 90 -93 60 -17 -84 33 -23 -86 -35 -2 -84 4 -98 -54 52 34 -99 -52 -82 52 91 -61 -55 -43 -3 31 9 -47 74 84 52 -87 25 -80 72 25 -42 -84 49 -82 37 41 -86 51 -17 45 25 95 80 -64 -81 -75 -80 -66 -34 12 -76 81 25 29 
-73 -64 15 9 6 -78 -5 97 -76 -48 -73 63 93 -68 19 -94 51 -87 -2 10 -25 -7 47 60 -66 -32 -97 -85 58 -2 31 -87 55 -28 -97 -92 -66 75 54 -78 -83 -30 48 -5 19 -8 -10 8 14 -75 -6 -43 -89 -65 29 20 -45 21 38 12 20 68 23 19 -13 6 -74 -79 32 59 2 5 57 -30 67 -82 -59 -95 -18 3 34 93 77 -38 -12 90 62 -60 32 14 -61 64 -77 20 -83 -5 33 25 14 -7 91 31 -87 56 -1 -75 -82 -78 -89 -85 -21 97 -25 72 -80 -13 90 -19 -8 17 92 39 -68 -98 84 74 -52 -14 -51 -75 3 -84 -74 5 -89 -56 94 26 -55 -82 -9 -86 -97 37 -40 -83 94 48 -58 -17 
96 -93 26 -46 -55 6 38 -76 24 64 -51 -23 49 -35 77 33 19 -90 -71 -72 74 -26 6 -64 38 -97 -2 84 68 3 99 60 -66 -56 27 -57 17 -57 16 -36 40 30 -8 33 46 36 49 62 17 85 -83 21 -53 -90 -36 13 -53 -69 63 -60 -47 58 -33 -56 -47 -33 -33 -8 -89 18 46 -95 21 -17 -80 -83 22 -12 30 -91 -5 -23 25 -20 88 65 -41 50 -50 -29 8 70 -95 -79 93 -56 -11 -45 -56 94 91 75 71 99 19 -3 26 34 -8 -19 -37 89 98 55 19 -50 76 -46 -1 -44 90 58 1 -66 86 57 25 84 1 -90 -86 70 -4 -33 85 -57 47 -93 -53 15 -13 -76 -31 90 46 -8 83 -7 -37 37 
-77 81 -7 -17 -13 -5 -23 17 -41 4 -8 -58 -26 -93 6 -92 -32 -51 -74 73 28 -83 23 -78 -25 16 69 93 5 88 50 -42 -33 -85 -19 -82 84 36 -5 25 20 0 56 -92 -63 -12 63 -39 -13 82 -4 -45 -48 4 18 -37 26 -12 82 -88 28 -96 -33 -45 18 -45 88 -63 50 94 -33 76 0 99 59 -38 69 67 -33 10 -34 90 71 63 61 -59 -26 29 63 3 62 74 13 16 21 37 56 -8 78 49 92 49 12 -78 -78 -23 -29 24 -83 -46 -9 -15 28 -7 -47 71 -87 -43 -7 -83 34 -25 6 58 69 -7 7 -73 31 -5 59 70 -82 -61 -34 -33 65 -89 64 -71 -2 81 53 -33 97 60 80 -72 83 -79 
