-17 5 75 -17 -54 -75 54 -88 -99 39 72 -5 39 -80 -32 -75 13 97 94 -38 24 -79 -38 97 96 24 83 -29 75 -39 10 -19 3 35 88 -32 31 79 -6 -91 -74 20 99 29 89 -65 67 -86 -26 93 -92 -74 -64 15 69 49 -10 72 70 75 95 -76 13 -96 22 -20 -38 27 -52 81 -97 -29 -77 41 -36 -34 -70 -36 62 -36 61 4 57 7 50 -49 -96 -37 -1 -60 -85 42 -17 -17 26 -25 92 -25 -75 70 
-90 -74 -40 55 -1 85 62 -5 23 54 67 -84 -99 32 30 -19 75 -78 24 68 -2 -32 -80 20 18 58 -96 -46 -92 -99 -6 -62 38 17 -87 -67 82 27 -60 -22 1 -3 -2 -29 97 -60 -65 50 58 -31 75 -37 72 92 93 -57 20 -70 -94 94 -89 -82 25 -94 90 -71 -42 92 -12 75 48 -86 -39 -47 57 40 2 -60 31 -49 -31 84 -70 24 76 -51 -44 -78 58 52 93 -46 24 69 18 -35 60 57 -73 -12 
58 4 -47 72 -75 21 -12 -31 96 -49 -1 51 44 -26 99 -92 -20 -7 85 -88 -84 70 -31 70 -62 97 37 -43 66 -72 -84 59 -21 43 -44 7 51 31 -62 -22 -89 -55 -53 54 37 53 55 84 -42 82 19 -60 -61 -11 -35 -5 63 79 35 -52 87 50 40 22 -80 45 -45 69 79 -38 -36 81 -89 -27 -75 -63 14 -1 -83 -79 -31 -63 41 -31 -69 98 65 -5 -93 -91 25 -88 69 -19 60 -9 45 50 10 44 
-51 -55 35 -97 62 0 -1 56 47 37 -67 -13 -88 12 14 14 19 13 47 -39 -45 -96 90 41 -32 27 -91 -75 50 -98 23 -86 -77 -77 -8 33 92 45 -78 -26 -13 22 -64 -55 19 -82 92 50 -63 -69 91 -46 -24 -19 -52 41 6 -17 53 94 -8 84 -19 -54 99 -41 86 -71 50 12 -82 -76 -62 69 -41 12 -24 61 -16 43 86 84 27 -79 -13 -20 62 -56 -20 -48 97 -54 51 -70 -65 67 -1 -16 22 56 
27 40 32 -74 99 31 -24 81 99 42 -25 83 40 -92 -28 -11 -29 -62 9 81 -50 -22 -8 -51 13 9 -34 -14 14 -51 93 -13 -66 80 86 20 63 65 -14 -17 -58 -17 -55 -71 -64 62 79 40 59 -66 68 50 -9 60 60 -43 -34 -41 71 -80 66 -72 -90 41 27 24 -24 99 -45 18 -69 18 -41 -8 -1 -32 -58 -45 46 -9 -38 -99 87 -16 19 -32 53 -97 -17 -65 57 94 -81 -86 -3 -15 24 63 -95 -48 
-88 -8 -70 41 51 -40 -58 -42 -94 -57 75 -45 15 51 -84 -59 4 -97 62 33 -40 -43 86 31 82 -23 -6 27 85 -94 83 -79 63 -8 75 -96 -80 83 53 -55 -82 92 -93 58 59 88 65 86 92 -18 71 50 -19 -1 77 -85 -20 76 -92 58 73 2 -74 -35 82 92 84 68 7 -87 -39 53 -15 -78 -30 -68 74 59 77 94 -77 18 77 57 -57 11 97 66 -83 82 -71 -54 -11 24 -24 38 -97 87 82 -27 
-79 30 47 -77 15 19 -61 -88 11 -16 74 -82 -91 -99 45 -61 -86 -51 -20 58 9 14 90 98 -59 -61 58 -36 -22 3 -18 66 -79 84 33 -97 78 -50 -88 40 -84 -57 15 -48 4 11 -67 -28 -2 83 -7 77 45 -13 39 -84 -85 -67 -80 62 -21 -21 -98 -21 -75 -11 31 -98 77 -28 -96 63 43 44 -57 16 -47 68 7 -86 61 -98 79 -38 -93 85 -24 -85 -76 9 -59 -49 39 -20 -57 -39 -21 -74 -56 -17 
69 47 -10 83 -86 -14 87 37 93 82 81 58 -83 -72 -76 -68 31 97 36 -43 -34 -39 31 -37 84 11 66 -55 -61 -67 -46 -47 -42 70 -53 24 -63 -90 -5 -5 -47 -10 2 36 34 94 -95 -24 62 97 -80 -3 -1 -67 -7 14 -81 -37 -99 4 -13 -37 -10 -44 -2 -1 36 -55 57 79 -97 -62 98 58 -54 63 78 -5 22 89 26 22 13 18 59 40 49 -76 50 52 -64 -24 68 2 -67 1 -28 -53 36 82 
-76 -78 -38 -46 4 -48 86 -77 17 27 81 84 64 -89 -45 47 -66 47 17 -82 21 41 56 26 -39 -99 82 -63 64 -76 -81 -6 -18 -42 -41 78 -9 66 -82 -89 -65 97 95 -20 85 81 -56 -46 -73 -62 -62 -70 -30 7 -84 5 -66 21 -70 94 37 -11 -48 31 -38 85 24 49 88 66 -78 -83 -29 88 73 -17 12 -71 -98 -3 89 -43 -98 -98 -14 -73 -39 -32 46 84 88 -46 -80 -42 -27 48 -86 -89 9 -36 
62 -15 -16 83 -89 93 -94 6 -83 40 76 92 18 -70 98 88 30 64 -20 31 -65 48 -6 76 26 49 47 23 98 -19 -91 -57 34 30 9 -6 94 -91 -71 -3 66 11 12 29 56 2 -40 -88 -89 74 91 95 10 -49 71 -37 -18 -37 30 64 -1 88 72 -83 77 39 40 -99 62 37 -28 74 55 9 -30 -75 -44 54 -1 21 -67 -2 33 57 -94 -59 -49 -40 25 81 -57 -69 99 -12 -15 -40 -74 7 -11 44 
40 -14 21 75 -42 -20 -99 73 -30 -2 76 24 -95 -42 -71 -93 -43 36 36 84 -96 -47 -68 79 89 -61 37 -10 87 88 -60 72 9 32 -33 25 -76 -10 50 -18 15 99 -35 -69 4 -91 -42 67 -53 -59 -78 67 -1 -89 -44 93 11 -82 -1 -13 42 24 -78 45 -57 -71 -54 -74 80 -30 -87 60 -71 95 18 54 61 59 -54 65 27 52 55 -62 -83 27 -37 -85 42 -92 -45 18 12 40 -60 -99 87 40 72 30 
12 -83 -29 -51 -15 8 25 77 -50 43 -13 9 -35 42 -53 -91 -5 61 42 89 -3 96 -91 -36 -51 -76 33 2 27 61 7 27 -12 -54 -36 -93 -35 70 -37 41 29 -91 53 -34 -14 40 -37 9 -25 22 29 17 7 -42 -57 51 9 74 -60 29 -17 19 -58 72 8 52 -63 46 54 19 34 64 -95 -36 -75 -94 52 -90 -9 -26 -2 38 -31 92 -33 -64 -54 -78 -31 -59 -70 37 74 58 -49 -93 97 -98 -55 3 
-71 -68 -48 -92 -57 57 2 24 -62 48 -64 -50 -89 94 -19 -96 9 90 -36 43 60 65 -19 -48 -3 95 -27 49 19 -87 12 98 55 -11 -14 50 -9 -90 14 -90 -23 -47 74 50 16 -94 -72 -36 44 33 57 69 90 50 -21 -15 -26 -20 -33 71 54 -35 -14 -45 26 85 87 10 -58 -37 -34 -45 -3 -25 27 -70 -87 69 -68 -83 46 81 91 23 -42 31 44 46 -42 -60 -41 61 85 5 4 -64 62 -79 80 -12 
-73 30 -32 -49 -21 -70 54 -36 -4 -47 84 -75 -76 6 57 -52 41 -30 16 -6 -49 90 58 -89 62 52 -12 -29 -28 -58 -63 84 -73 72 49 56 -64 62 -82 0 49 -44 57 96 -4 52 13 -92 81 33 -87 95 -66 16 -49 -43 69 31 -55 81 60 -24 96 15 -86 46 -30 -91 -82 -65 6 22 -31 40 89 -96 59 77 -1 -83 12 30 38 66 -59 80 -96 21 68 53 -50 -45 75 60 -88 82 18 -52 -11 -26 
-77 46 -22 70 24 30 49 1 -41 66 -24 -18 -27 -57 -73 25 -10 28 -69 49 50 -97 -84 94 2 26 -48 -41 -12 56 26 -94 66 70 -29 -5 -45 36 23 14 51 -44 -96 37 81 10 76 -95 -93 -53 9 -13 87 -91 -66 20 -48 97 74 -29 78 -36 3 64 30 53 -70 -47 -88 26 -43 -81 12 -37 21 7 -19 -50 -51 -55 -89 -80 -98 26 -48 19 92 -95 85 -84 57 -48 -76 18 -64 67 0 82 -2 -78 
46 28 44 98 64 9 -30 -37 -97 -11 67 -22 75 -30 99 26 96 -62 -40 -82 2 -1 1 -50 -62 1 32 70 -77 5 15 -66 -20 -62 -66 -60 -27 -41 -55 49 61 -81 -24 -99 96 36 78 -92 -91 -22 9 32 -89 -65 -7 -62 -51 -69 57 46 -93 61 -96 13 17 -77 89 -89 78 -30 -17 -9 44 16 -61 -5 8 -27 49 -99 85 -53 34 71 94 26 41 30 -32 -63 -52 -36 38 91 63 -14 66 -57 70 -21 
86 -64 -85 25 -36 -44 -87 55 40 -13 -43 95 90 -5 21 53 57 66 -82 72 25 74 1 2 74 39 78 -74 17 63 57 -70 -59 -32 -82 24 -57 -72 47 -77 -43 -34 95 -89 64 3 92 29 7 -24 87 6 -82 -8 -75 -83 -87 -28 49 91 -3 81 -97 55 60 -73 -59 41 75 -47 -13 6 -96 84 47 -42 42 -90 15 -71 -49 35 -46 -82 79 -73 57 59 16 -85 41 94 -74 -70 70 14 9 20 35 58 
74 -27 38 -39 86 76 36 17 -53 -17 -24 97 57 -46 -81 -67 -98 -48 9 8 -44 67 -32 50 52 -67 -16 60 -24 43 24 -67 85 84 68 -7 88 86 80 46 28 23 39 -30 -36 27 -30 -11 -49 -25 84 20 68 66 -30 -91 37 -92 39 73 8 -19 -87 -98 72 88 80 -87 -91 29 44 27 -91 -13 -51 -32 -58 -90 -99 -20 23 -8 1 84 45 -36 -25 36 -78 -21 98 -13 13 -87 -79 38 55 -25 36 40 
45 55 -33 95 -35 72 71 -79 -40 -56 85 -33 -6 75 -60 -28 -41 40 -39 4 -33 -19 -75 -56 -60 80 18 83 -17 39 38 -54 74 96 32 -46 7 23 -85 34 25 12 -80 -32 86 -20 -81 61 20 -46 75 2 -7 -78 81 -27 35 -77 24 -80 38 -32 32 94 -11 97 -7 60 -12 15 -50 -25 61 -18 -23 -39 -51 -39 22 67 65 96 -48 -98 -64 -57 41 -96 39 -77 -90 88 11 -46 32 -24 14 -18 53 -34 
-78 3 39 -38 80 -59 45 25 -38 -83 49 -47 37 23 54 -38 -88 -37 -64 68 -8 18 11 -66 0 81 -4 -91 18 -24 -33 30 30 -34 65 -36 -45 -92 -99 30 95 29 -17 -49 82 2 -42 17 -68 -49 79 79 -9 -55 -66 -15 -36 56 -13 -19 77 78 66 91 32 -37 -85 -20 63 35 60 -89 95 -40 -75 1 -64 63 -72 65 -26 68 -90 -94 15 89 15 -45 -36 28 -76 0 -60 98 99 92 -67 47 -32 -19 
36 13 62 0 39 95 56 -16 86 50 -92 81 3 46 67 92 74 -21 42 5 -83 36 -38 22 49 -90 -2 34 -27 80 -83 48 78 91 -2 70 20 60 60 -33 66 24 -4 0 81 -89 74 55 -6 46 -81 35 25 48 59 -18 -37 -35 -72 18 2 50 70 -29 -98 73 34 88 -43 14 15 -32 -29 36 -23 -53 57 -97 94 42 -52 -14 -78 44 -37 30 7 23 72 82 69 43 -67 10 28 1 10 15 -42 30 
34 -81 -65 -1 61 -43 -35 -36 48 53 89 -48 2 -35 18 -5 48 25 29 96 -23 -99 75 85 52 -9 35 43 -1 -84 99 88 -54 23 36 89 85 91 -97 -7 -92 -39 45 -33 46 -88 -2 -13 48 14 76 47 -40 23 71 -28 68 -24 8 46 -52 73 25 -41 -89 64 78 -36 53 67 -75 -38 -19 -83 -59 73 -41 -69 -6 -16 -18 14 33 -95 86 4 49 71 -55 -77 37 -74 82 -21 -67 -58 -34 29 22 -31 
-82 -8 27 60 12 7 -76 95 35 45 69 75 87 -64 -5 67 47 82 17 28 16 34 32 28 97 68 79 -49 51 21 89 -65 -89 9 58 47 1 5 23 92 -48 -73 -48 88 10 86 -34 -68 -33 19 64 13 68 65 -98 15 20 -62 -28 -95 -89 -57 62 -20 6 15 -11 -13 68 -41 -6 47 75 -63 -56 -26 -90 46 26 72 -35 21 -80 78 19 -30 -13 66 -38 -10 46 -87 77 22 25 52 -18 1 -81 1 
17 -17 -86 -16 44 54 -45 85 44 -29 -2 63 -27 97 -70 33 48 38 -56 12 96 12 -98 -8 -32 -75 -46 -56 70 68 -47 -70 -36 16 -80 -91 -26 -30 34 -31 74 -99 -66 88 -49 98 4 8 26 57 -39 -62 -75 32 -76 11 68 -30 95 -93 -4 -37 66 65 -87 33 84 52 26 -12 -40 -29 50 -10 71 93 20 13 -52 13 5 90 -77 0 44 17 -44 -49 8 30 98 -79 68 80 -30 13 1 36 18 28 
-9 -17 6 -95 66 53 32 4 53 -51 32 -85 -55 52 36 56 -26 30 -47 -29 75 51 -5 -5 30 -72 -67 -93 -55 -42 90 65 -92 83 91 70 18 48 28 98 -52 67 -37 89 -38 54 -87 -23 -15 49 91 99 -85 -46 22 -53 45 12 60 -3 -36 97 73 85 20 -45 -55 84 -78 -71 -42 45 62 18 -85 -36 6 38 -66 -29 -57 90 9 -39 -52 74 7 2 -35 3 -85 -45 25 -59 -44 -3 -15 -28 31 -78 
-26 7 -31 17 -34 14 89 5 69 -70 -46 -31 61 -92 45 -77 59 87 63 -59 -43 -40 -85 -73 -67 -48 52 -95 34 -53 -94 61 -54 86 -76 92 49 99 -56 -99 72 -85 44 34 -61 -48 84 -68 -57 56 -62 9 -16 -89 88 91 -84 61 41 -50 -99 18 -94 31 -85 95 9 -68 75 -67 47 -25 -73 -94 -45 57 -14 -29 -12 90 -10 8 -32 79 -40 -45 -84 -15 39 -28 -5 -55 41 -76 21 -30 -61 -16 -9 -36 
97 -87 -15 22 88 46 -72 33 -38 7 -68 3 46 12 70 2 20 57 60 -73 -52 53 2 -68 -54 1 -80 80 -43 16 -19 -34 -30 81 47 -85 24 91 35 -49 91 81 88 3 -94 -14 -73 -65 60 93 -71 -60 28 29 84 19 33 -8 6 1 1 9 26 31 -7 31 55 35 96 59 -92 78 43 -42 -1 -44 -98 -34 89 28 92 36 -8 -85 34 -45 76 18 -31 56 -14 -87 -19 59 -31 -22 18 85 63 -24 
-79 -71 -96 -96 -99 -29 -18 -10 -18 -5 -35 81 82 87 -10 -91 -5 -11 0 23 10 -83 20 10 87 -9 -3 78 27 -58 -19 34 -28 -60 86 95 -84 38 -98 64 9 44 15 18 -4 43 -64 -52 -55 -11 99 -20 -8 45 -6 91 99 29 -57 -22 51 -4 27 -96 97 -10 -17 -64 19 68 78 -40 93 92 89 -28 -93 42 14 8 36 89 -20 -92 -32 73 -96 84 99 94 -88 46 11 -28 16 57 -69 -6 -11 -61 
-98 -1 80 1 31 -71 91 95 -67 -29 -50 -82 -2 -79 46 -5 59 -57 -32 33 -70 63 -94 -20 -12 -47 14 65 -14 -71 23 28 12 -55 -99 -53 17 -78 -38 -65 -44 -13 34 83 70 -58 -71 -94 54 -99 8 -37 -12 64 79 -86 85 15 22 91 -89 83 -70 42 64 -64 -66 55 -21 -91 82 -24 -27 -57 -27 -85 95 -22 -93 -45 -51 -95 -73 -23 18 25 63 -22 82 5 94 -42 64 -43 68 -86 -92 -26 49 -13 
12 6 80 -84 -53 -35 -26 57 -26 93 91 -68 -25 40 8 -55 75 5 50 33 -5 79 38 -44 30 15 -50 62 -29 8 -64 -50 72 -25 -93 -80 -60 60 -94 -89 -4 95 73 -75 77 -96 -92 -10 47 35 98 91 36 -18 -89 50 5 -5 93 -88 65 -18 23 40 64 99 -50 72 22 14 -58 87 94 -43 78 64 32 11 65 5 6 32 -34 83 -59 -29 22 -16 18 -45 -13 35 64 16 68 -54 -43 10 61 42 
-28 62 -55 -42 41 -13 28 63 -52 58 -30 38 32 52 56 -86 35 -75 76 71 50 67 19 22 16 -33 -38 -77 -50 30 -35 43 -98 5 82 73 81 -38 -91 94 60 -90 -41 -19 90 -64 -38 43 51 -30 87 43 64 -90 -43 86 -61 39 -32 5 56 -44 4 -80 -48 -52 -34 -25 -4 -75 19 23 -30 92 98 -61 94 -54 -13 85 97 -84 -30 -86 72 67 40 8 -32 -16 41 30 69 15 -95 15 -91 4 60 -11 
-30 99 18 -22 1 -87 -83 45 51 -49 74 -90 51 -24 28 35 54 80 79 -38 71 -31 93 43 -80 47 -1 36 -18 29 36 -37 -34 43 18 47 -24 -37 -20 98 -22 94 49 83 -58 15 97 92 17 -26 -11 -13 -55 84 70 71 84 -90 7 -69 87 -17 82 -94 -23 -1 72 32 88 -82 52 -74 47 -29 -97 -46 -41 76 -50 -55 -94 -36 26 -58 53 -40 29 11 27 -68 -55 -83 -69 78 76 -93 96 -32 38 -23 
60 -56 -11 29 -91 12 -49 53 7 -81 19 -58 -88 3 -33 13 -4 -98 -45 -85 17 -6 14 -71 9 -11 -89 7 36 -9 -82 30 13 -26 -13 -55 79 -5 -38 34 -97 -9 7 -37 83 -82 -84 -45 40 26 -4 2 82 88 18 -73 12 -7 74 66 53 -73 -63 -8 -61 38 35 46 -58 43 -98 -82 52 -14 36 -6 -41 -48 40 99 33 -67 -92 6 -64 62 31 14 -53 97 87 -30 -10 37 63 -49 82 -9 -54 57 
29 -69 97 58 54 -88 -39 -65 -14 74 71 -92 -39 14 87 5 -3 -85 -22 85 98 -25 96 -95 -96 -65 -47 68 -43 -3 63 -55 -45 -43 90 11 -64 97 -93 -95 -36 -17 -85 -6 34 -57 -50 -12 -59 -39 -27 7 64 13 -82 34 -77 22 88 35 86 -73 -4 1 71 27 7 44 -71 56 31 48 19 -14 79 75 42 -95 69 -41 -88 93 59 69 83 -37 37 74 -8 92 40 3 78 12 13 20 23 96 70 66 
-33 16 32 -59 87 93 31 79 -11 26 -12 -7 -25 60 50 -53 76 -30 -75 -62 -93 -19 -76 13 23 -53 67 72 -18 73 61 -35 50 -48 13 95 -17 -23 43 7 91 16 69 11 22 -57 -31 47 70 8 -47 45 7 19 -39 -56 -28 -51 -25 -39 55 -2 21 -7 76 76 -25 -19 -77 -35 -76 1 41 -12 35 23 -11 63 -90 -57 -76 74 -40 66 -19 29 -63 -69 -52 -37 -42 49 95 44 -55 -85 48 15 -29 -38 
73 -58 -44 -66 -8 -56 54 30 -91 83 -34 8 67 -82 67 -42 99 -69 -27 60 6 16 -24 -73 2 58 85 77 -40 94 -20 61 88 -49 -11 4 -44 80 29 -88 -3 -69 94 36 57 -86 -27 -71 -29 58 -53 64 21 91 44 99 26 36 -30 -34 31 80 38 -59 92 -30 -36 -27 -26 -52 -53 63 3 57 81 6 -66 -19 -37 -67 69 52 37 -6 23 -23 91 -56 -42 -83 -62 26 -98 73 3 53 49 6 1 -12 
-91 -54 -2 70 -66 -17 30 43 -43 -54 25 -95 85 -99 3 -72 -49 -96 -64 -32 61 -50 -56 46 -24 92 1 50 84 83 -56 63 -44 -45 72 47 8 12 37 -51 -53 16 55 75 53 -5 63 95 0 -52 -81 48 10 17 96 -30 59 -22 14 79 89 47 97 69 -6 -96 71 -41 37 -3 -64 19 -18 1 -26 51 74 78 -14 85 42 -77 -78 92 -78 3 91 -9 -6 -11 -11 75 -45 68 -48 -54 -29 78 28 -46 
25 -76 -93 -75 -15 21 -69 -52 82 44 63 -94 -79 17 17 -12 77 -64 77 -65 72 -59 -2 92 78 -44 29 -37 59 -18 -71 -60 -71 -69 46 -26 -91 62 94 55 15 -9 -55 70 2 -77 -96 -33 47 66 76 -93 76 51 -28 -50 13 22 -49 37 -17 34 -28 -9 -95 -23 -95 8 80 53 18 70 19 -33 -61 -27 -15 80 50 21 -27 -54 -98 14 35 58 -94 -4 -80 -55 82 1 -49 15 -1 -61 78 44 54 -6 
-59 -12 -92 -4 -32 76 19 65 -5 56 48 -12 -77 68 -75 -95 73 90 -85 76 46 34 -96 27 3 51 72 57 -21 -95 -71 -94 -49 -13 1 67 61 67 21 -71 34 76 23 42 25 -47 -59 29 -27 31 67 -42 -17 12 -88 57 72 94 15 -25 -64 -14 99 -12 30 33 -54 54 2 -36 -52 7 -46 49 -81 -38 73 46 52 -99 93 -36 -41 8 40 -70 81 -21 95 -87 22 8 -46 65 46 -54 -34 -66 91 -31 
7 28 85 -59 -13 66 8 54 -44 -97 -64 -1 -2 46 -50 38 -70 -75 87 -66 43 -7 -38 -95 87 -34 99 -65 -89 84 -16 -40 -37 19 33 -26 -61 33 28 -37 64 -80 64 -29 40 62 -14 -45 72 18 -38 40 26 1 -4 52 97 -42 -76 82 39 -23 61 86 95 -98 -64 54 41 45 -61 -20 30 -80 60 -48 32 -88 -32 -60 74 30 30 51 31 63 36 -80 -83 -75 73 24 -63 20 -32 -10 -49 25 -21 99 
-61 -78 48 86 71 -94 67 55 34 -27 53 -66 21 94 57 17 84 -32 87 -14 82 -37 12 -32 -76 46 94 93 -67 -43 10 -70 33 -71 95 -69 -1 32 -23 97 58 -66 -52 21 53 -71 19 49 50 -20 -18 23 -61 94 44 -36 75 7 -62 91 -6 -75 35 86 90 -9 -88 -91 -61 -5 82 -4 -11 -86 61 -23 66 -91 -7 90 -69 -20 11 47 -12 68 19 -80 52 94 -83 -59 -52 -20 35 14 3 76 -56 -21 
-2 14 -91 -14 -67 -22 56 -71 -56 -65 45 -92 62 18 36 74 -32 -79 46 -84 53 -34 45 -48 -36 98 -99 10 -78 79 75 83 -95 46 -22 -53 -43 54 96 -65 -60 8 43 -69 -46 10 51 -66 15 -72 93 1 -40 -89 77 -35 6 -72 60 -10 45 -60 34 -49 52 99 -28 20 -39 -54 52 -87 -23 86 1 16 -25 10 70 -59 -71 -89 -66 -98 -97 11 56 44 33 -10 96 97 -7 3 -67 59 -62 -24 40 93 
90 -71 29 14 70 -6 -54 81 -12 -16 -41 82 44 -84 -74 96 -14 -77 59 -42 19 74 62 -39 68 -70 83 -73 78 30 68 51 50 44 81 29 -35 97 28 -72 25 -89 -56 74 72 -23 60 51 91 -97 88 -39 36 -40 22 -65 -61 -16 82 69 -32 19 65 -96 25 98 90 80 83 90 -88 81 12 55 78 73 5 -35 -75 -78 -77 84 -30 -94 -65 44 -8 -72 -6 -86 81 -44 -32 9 44 13 -78 -67 -12 -31 
-1 37 14 65 -3 -15 -18 68 -93 -34 -41 -71 49 -57 -52 -54 -41 17 -31 -21 -11 -37 55 10 -13 0 96 43 88 -1 -27 26 -70 77 -58 -2 -83 -83 37 -79 2 28 -67 -26 -32 -96 -53 69 -58 -92 84 -69 16 24 57 -6 8 93 88 -94 14 -32 50 8 48 -78 66 -41 -66 67 88 -18 29 41 29 51 -3 53 54 -67 9 -93 -37 -14 27 55 40 -40 -11 3 -65 41 -53 -13 97 77 59 78 -14 2 
14 -51 -27 93 -65 -25 -15 62 29 -62 28 -43 -48 -26 47 11 64 -62 18 -16 64 -89 10 -28 -51 24 27 -6 -26 45 -83 19 -36 74 54 -1 -26 -28 -52 -28 -63 75 58 76 31 -52 61 -49 38 77 72 95 -29 -10 69 6 -7 22 -9 -87 -38 -49 -29 76 -47 -88 -17 -98 -15 32 -5 -3 83 -6 85 -8 10 -36 -77 -7 45 91 -93 -10 70 -3 26 71 -2 -86 62 20 74 87 87 88 -89 93 19 -88 
-16 -72 -63 -17 -38 69 -9 -98 87 92 -36 64 74 33 -63 -39 -69 56 -86 34 -92 46 92 -74 -47 4 -35 -42 -53 -26 -43 68 13 36 30 25 -44 33 26 99 -36 89 -9 16 -74 -29 81 -58 -97 -81 -14 22 -64 37 69 35 31 46 -5 57 90 -29 -81 -47 82 -27 -40 -68 75 -93 -14 -32 -14 -6 -2 29 34 -4 -66 37 66 -35 87 4 -55 81 3 50 80 -19 -48 72 -67 43 -17 -56 35 54 37 21 
-40 -38 39 96 0 9 48 -34 97 1 30 -67 -12 -28 -5 -34 13 9 75 -31 -93 54 6 88 33 -28 -60 21 37 40 38 26 -32 65 -67 77 70 -77 -63 -86 64 11 -56 -79 78 -27 58 -37 30 -84 -43 -89 70 23 -50 -25 -25 86 -44 -68 15 46 89 -9 -66 83 -43 65 82 69 -9 40 43 -32 -1 -28 -58 -78 -37 1 -75 -72 83 83 84 38 -21 6 -31 -97 57 15 76 59 67 59 -21 35 16 3 
-39 53 -18 16 -42 -73 -63 57 -89 -6 -38 -29 20 20 5 -89 68 -85 61 19 42 81 -55 -41 -98 95 27 26 26 0 81 86 -53 -42 -23 25 89 -72 -55 25 5 9 -18 45 72 -52 31 31 24 32 -97 61 40 93 32 -31 -96 -65 -23 -65 -40 29 65 -67 -93 70 69 17 67 -34 88 68 -24 -1 97 -8 94 -19 -89 53 -59 -60 11 -41 -71 4 -14 -4 1 -35 -94 -23 -77 -74 -1 -95 -62 74 -28 -26 
28 -41 -2 -10 9 58 38 99 -53 42 98 -34 -88 30 -59 22 30 -13 51 -58 69 -94 -39 75 34 -60 -54 -89 -95 85 58 30 45 -47 -39 23 -96 -2 -68 -71 -17 10 12 45 19 -45 47 75 -73 67 -66 76 97 -12 -99 40 -93 37 -41 45 91 26 -18 17 -90 28 -83 56 -67 8 9 34 -25 -74 26 23 43 -48 18 -14 13 -81 5 -11 53 91 54 49 95 24 -98 67 70 -30 -50 -1 -21 40 40 0 
-15 -98 -93 -69 -37 -69 -43 11 58 39 -70 68 -49 96 87 -10 83 -50 29 87 -26 -39 25 -27 -10 -75 -72 33 -97 -91 17 -3 -31 -22 96 98 -8 -71 -83 90 79 19 -83 -18 -14 -53 64 3 98 10 85 95 -11 60 -61 81 -86 12 7 53 -90 -84 76 -65 -81 95 -9 9 33 -79 96 -98 3 -46 59 -28 39 65 67 -20 60 -75 64 49 -38 -15 -24 70 23 -91 1 28 22 -7 -67 47 -81 85 -3 -47 
5 40 -51 -16 -24 51 15 -82 36 -7 9 10 -23 -70 -1 -9 35 -38 -57 92 -53 -17 -84 83 84 -83 -45 -36 -39 -59 -68 70 9 -31 8 -12 36 -61 9 50 25 13 86 -9 -80 -84 -42 -67 49 88 56 -28 -26 -57 -78 42 25 -70 -69 29 -11 43 95 51 -98 -84 -95 -6 94 50 -56 46 95 -15 -24 33 -36 -20 24 -44 -70 43 83 90 93 -31 32 -97 -84 80 -94 45 -58 -24 47 -23 -62 8 -7 80 
-88 -49 -28 -27 -73 15 18 39 -21 -26 -24 24 97 -27 -47 48 34 99 79 -90 -36 -61 -91 25 -6 9 -8 -2 -3 48 43 -27 -43 65 -99 -63 -11 -57 -96 -21 -4 -66 59 -25 35 4 45 3 -75 10 -66 -6 44 11 1 -18 -59 -56 -32 48 74 -79 20 49 -56 8 20 -52 -35 -95 -13 -2 -26 -23 -60 5 13 -61 -45 89 44 -63 -76 17 23 -47 91 -24 -20 87 35 79 -63 25 -18 83 37 81 -34 -14 
6 -8 -72 -81 -53 -62 47 -79 -34 90 -36 40 88 0 -54 40 -26 -24 -34 86 21 -42 -36 -17 -39 -80 97 83 91 -68 -12 82 -85 -32 33 -37 -89 -65 37 19 -49 -62 -1 12 -89 25 -61 -30 7 16 -21 49 -6 1 54 65 -80 -87 99 -79 -53 -54 41 -99 -14 12 67 -21 -31 -15 84 96 -50 18 91 33 73 1 -2 -99 0 35 38 16 32 -59 -71 -7 -19 27 -52 38 -39 -52 -1 -63 -30 -39 -31 11 
12 -17 -74 27 -10 2 94 50 -49 -15 -57 -43 44 55 -88 7 39 84 -88 -45 18 -50 -25 -3 -20 -99 -36 62 26 -21 -51 99 -39 96 25 -75 -75 -54 38 -90 -46 -11 18 83 1 -2 -75 39 -27 -20 -59 -81 47 -88 -6 65 -49 -93 -23 59 3 -58 32 15 -44 -79 -67 98 -94 74 -82 -16 81 -36 47 2 -49 -70 82 -45 82 -51 -54 38 -51 17 -13 -18 68 -36 -47 -42 5 72 67 -67 -67 87 83 65 
-69 -63 24 12 61 -8 65 -55 45 -26 -32 86 92 -47 -84 -96 38 -79 16 73 -99 21 36 69 -27 90 88 32 -35 -82 56 -81 68 42 93 -53 60 93 -8 -40 -92 -53 -23 -32 -97 85 52 -58 20 50 56 -60 -36 41 98 42 -54 2 13 -28 -69 24 32 -83 -76 -21 23 -38 86 -39 -93 31 -83 -98 61 31 15 -55 -82 73 2 23 -6 -45 40 31 39 -23 93 -60 -72 13 60 -56 -72 7 72 4 -86 -2 
48 -47 46 86 -80 -42 -17 -24 99 -21 5 -10 -70 -50 17 -51 19 5 -87 -57 -37 59 -48 23 -86 96 76 -87 74 34 -59 68 77 86 -5 -78 23 -12 51 -4 -27 0 -85 -80 -56 19 63 -64 30 8 -81 -33 -84 -6 75 78 20 53 -35 -67 42 5 95 -49 -74 -60 26 58 -66 -88 55 30 -77 -77 61 -2 -72 65 -8 42 -41 -43 8 -71 -71 45 45 -30 -8 -11 22 74 -38 -36 51 31 -36 39 -72 29 
-55 40 32 47 96 -82 -23 -29 -82 65 94 -26 -49 -82 -60 5 6 -57 23 96 53 -79 20 -14 -31 -22 -44 71 -75 75 -39 -2 -20 -76 -47 -27 54 -88 43 53 35 7 80 52 -83 22 -75 -72 2 19 82 25 4 -93 -45 14 -60 91 35 -91 25 -64 92 44 -58 99 -50 -43 60 -9 93 94 43 84 -21 -40 39 -9 58 -36 -73 79 -31 83 -43 -54 0 6 85 32 -78 94 -44 1 -98 95 37 55 -2 -34 
-6 -88 -38 -86 -41 -18 69 35 1 76 35 41 70 71 30 22 39 61 36 -49 -45 37 69 -90 73 72 38 42 -47 -26 -49 82 77 -41 12 27 -98 -91 10 -40 99 -39 57 46 25 48 -16 75 2 -62 -22 -9 9 -38 18 89 -29 -32 14 15 85 -53 -17 39 38 37 30 90 -15 -46 57 -63 18 -75 -4 -10 11 -86 -54 6 -38 44 32 67 -3 16 58 -52 -86 69 78 85 59 -33 90 -40 10 -90 14 98 
-25 14 -68 -93 3 14 25 -89 94 -83 -68 -11 97 20 78 -20 96 1 -42 -49 -43 -90 5 21 43 48 73 -96 26 -19 -7 72 -64 20 -94 24 80 -45 20 -82 -41 70 -3 -72 -48 -39 28 76 19 87 -50 -61 -55 -55 12 98 -75 -88 -83 55 -29 -67 -42 13 -53 15 21 -61 -10 97 17 -33 99 -58 -14 -49 -8 -89 -23 -30 -76 -86 71 -31 0 -30 91 -71 -15 15 -29 -8 6 -77 -5 61 33 -36 75 -48 
82 -78 69 83 61 -87 3 56 -2 7 29 -13 -15 -65 -97 -64 34 50 68 47 -19 41 -54 53 -78 64 37 -16 83 -70 -30 -72 5 -51 60 39 -68 -92 82 -48 -20 -96 29 40 71 -86 -74 -56 29 19 -72 77 69 6 77 6 12 -40 -11 36 54 79 -91 -65 -34 -91 46 61 51 82 16 -86 -16 -55 -16 -26 -12 -88 -85 -35 5 97 23 90 19 46 -51 68 45 23 -39 -6 -61 59 48 -58 30 -4 22 -77 
24 42 -30 77 -31 -73 -25 -54 -18 32 93 94 78 -9 83 -49 57 50 54 -80 0 -73 -74 14 -57 71 48 16 5 -1 43 -35 10 84 -68 -32 -22 -28 -88 83 -49 61 77 -82 -4 -65 -23 -41 54 -85 -32 -49 27 54 -93 91 -44 -81 68 50 -80 -35 -13 42 26 -88 -78 43 -67 11 38 -93 80 94 -56 -94 84 48 81 65 51 93 -85 92 39 10 39 -90 -93 80 -90 -43 68 -19 -84 0 6 94 -6 -38 
-44 46 3 77 -21 15 6 -89 63 14 -74 78 -96 87 11 -7 -98 47 -65 34 10 44 98 14 27 9 92 -2 -30 -24 12 56 27 38 -24 -21 82 -14 44 -79 -17 95 -27 86 26 -96 -28 57 -70 -8 -79 -97 -98 46 20 98 -49 -15 -99 -36 57 -60 91 18 -92 42 28 -58 42 56 7 -52 -77 -49 75 4 74 -80 2 89 -1 55 92 -34 84 72 33 33 97 -41 -19 29 -7 -44 -26 -39 -92 -15 -50 73 
-61 -64 -98 -49 4 -99 43 -27 90 0 -46 22 -45 -70 -26 68 95 90 -25 -42 -64 98 -50 58 59 -17 37 27 -27 -40 -70 -42 86 -29 31 32 -4 -95 29 44 90 -64 56 -31 76 -35 43 -19 -5 -74 6 -82 86 -33 48 83 46 73 -10 55 -76 -39 77 -44 -62 48 53 95 70 55 -97 16 -65 52 58 -45 0 -5 20 83 -55 -83 -50 -9 13 16 3 -42 -34 62 84 56 10 85 -12 91 64 50 96 62 
64 -19 75 -42 79 -38 -37 -32 44 -3 -47 -26 80 48 1 -67 -1 -89 96 95 -80 84 -62 29 69 -12 -34 25 -64 -55 -3 92 40 49 10 94 -12 -9 89 92 11 34 -72 78 -50 -78 41 -97 -28 41 19 12 -13 56 -58 18 -78 -47 -83 -54 51 -30 -32 79 98 35 -18 22 66 -6 -76 12 -60 33 -65 -24 -68 -10 13 -26 54 37 -47 -4 -2 86 83 -55 -7 83 20 67 -59 -28 32 31 84 -33 43 61 
-2 93 95 -98 42 -3 36 71 -1 71 15 -9 37 -47 4 58 -39 4 -12 3 -57 -48 -90 -19 20 -46 65 -10 -10 -61 -29 -75 29 -87 -6 29 3 4 -25 13 -51 90 45 96 81 69 53 8 -65 -85 1 -31 46 38 21 43 3 53 -50 94 -93 -11 -49 -87 55 -1 -36 5 29 17 82 38 -76 5 15 30 -58 -3 -75 13 1 29 96 -50 3 -85 -40 -34 -16 -10 -30 -33 84 13 -57 24 -58 45 -99 58 
-80 20 80 47 3 14 58 35 7 35 -53 51 51 -50 -93 -65 -63 23 -33 46 -14 -62 79 16 60 35 55 -81 66 72 37 73 -49 -67 -88 18 48 38 26 -58 78 45 -55 -4 62 12 21 60 -75 -47 82 41 -57 9 88 83 -53 19 -27 71 5 -32 -16 38 29 31 85 52 39 -28 66 62 -26 -61 49 -13 -64 -81 1 82 49 -46 94 -88 4 73 93 -11 31 98 86 -74 4 74 -12 -48 5 -59 -78 72 
-82 -32 -98 81 -61 53 30 -14 47 -38 -31 57 82 98 -21 -78 40 -47 45 67 -3 -32 84 -81 -85 13 48 -27 -35 -20 -87 23 -41 29 79 84 65 61 76 36 -84 18 -68 8 -79 25 66 97 -43 60 45 94 -56 38 -15 -8 -80 99 -47 16 18 5 -65 44 -22 -32 -78 55 -24 13 -32 -1 95 -30 -62 -3 55 61 54 81 49 4 -22 21 -99 -6 34 -25 -90 -57 -96 -6 -7 -29 70 48 76 -8 39 -13 
-64 -50 42 -98 87 -62 -53 -50 -86 20 76 -63 28 77 55 -43 39 89 -87 49 -97 -3 94 -29 14 -98 -97 77 -47 69 -61 95 99 -92 43 79 -23 86 21 -13 -84 -12 -93 -19 -27 49 78 -74 28 17 -88 24 -88 -64 65 -34 -54 -6 11 -19 56 -66 75 98 98 -93 29 4 55 -59 -83 -61 -84 -85 -26 -93 -48 15 -91 36 34 -12 44 18 -61 -15 83 -92 65 42 -33 17 55 56 91 82 -81 -73 10 -95 
-95 70 -37 -81 16 -82 -65 94 78 -88 -38 -46 -23 -16 32 40 -37 30 68 2 -2 69 25 65 -68 -53 26 32 -80 91 -42 60 59 -88 -32 -79 -73 55 13 23 -77 -38 -80 82 75 32 -41 39 71 -4 -59 70 -70 36 -26 28 53 -20 -24 -27 -63 -74 91 -78 -23 11 -4 -55 -27 -55 -70 34 71 76 0 -57 77 56 85 -38 -25 75 60 67 -97 -40 -41 71 -60 81 -1 94 85 -79 -53 -66 10 61 -41 33 
18 -59 42 -51 74 -14 -99 -86 -42 -60 85 -55 -7 -66 -29 -54 15 14 72 -90 -87 -62 83 61 54 95 -99 -27 -29 52 -55 72 90 -86 -34 -99 32 -14 -34 12 -37 -10 -46 0 -80 -47 48 61 -62 -95 97 -14 82 -5 71 -61 95 93 -70 20 -59 -41 -13 22 -21 -79 89 -70 40 56 95 6 -39 -4 -74 72 7 88 -60 63 -11 85 98 84 -92 -59 -26 -26 -41 -99 -53 27 42 98 39 -91 41 66 -5 20 
-32 45 -44 57 -56 -21 -8 31 84 -10 68 -5 10 -38 -27 -72 17 77 58 25 40 55 -72 -57 11 23 -34 -16 32 94 70 -88 -2 16 -63 31 -84 -95 -1 24 77 25 -66 97 99 -77 -52 92 -98 -25 -58 -20 9 72 -52 -39 99 -88 10 42 96 -84 -14 85 -74 -39 -58 -75 20 19 4 -34 85 -86 -47 53 -12 -45 -33 38 55 78 23 44 94 20 17 -38 -39 -58 13 -88 9 -23 39 -94 -20 -18 -26 -59 
10 26 -39 19 -2 -30 -52 92 -15 -78 -67 7 49 -28 -60 -85 35 -11 -78 -36 -55 49 -7 17 -50 12 -6 90 2 -17 4 -85 -26 71 25 35 -70 -45 -53 11 -57 -64 -68 15 -81 50 87 -50 -17 -24 81 31 -51 19 -90 96 77 81 62 29 -30 -14 31 -58 99 90 65 97 15 -69 56 79 91 -4 -23 26 -27 90 56 92 12 -68 -19 10 16 74 15 -9 32 -66 8 -41 89 30 -94 -84 -60 73 -27 43 
-2 -98 3 2 95 61 -45 31 50 -73 43 -94 -26 82 -3 -62 -5 -15 -54 94 -98 89 49 89 -93 24 -56 -45 59 22 30 94 -84 -53 -43 -33 -18 37 -77 12 -98 16 -67 69 78 -75 -56 2 -31 -93 -77 -6 -84 -50 17 50 -98 -79 10 -31 54 52 93 85 -26 99 -26 67 -45 19 -56 31 61 63 51 65 78 -24 -56 -35 -59 3 -63 8 -59 -50 79 96 -57 46 -69 59 -37 34 -36 -74 -95 82 -50 50 
-7 12 -18 -30 71 -47 45 -36 1 95 57 90 -11 -4 98 -65 5 24 -11 -38 -49 -95 90 -36 -75 -11 -34 42 86 24 81 86 -40 88 81 -4 45 -93 58 -99 -8 -63 8 -93 94 -12 68 39 -39 -11 -30 40 -64 -84 68 -77 44 -46 89 -13 25 7 36 -98 -17 -56 -68 61 86 5 21 1 -21 50 32 21 15 18 -71 -43 -35 32 -9 -21 -72 2 -92 52 -84 55 -64 -64 -89 -3 -31 5 -54 -68 -10 -49 
12 8 -82 4 -55 -69 79 13 -46 -23 84 -19 99 -84 -44 1 -67 54 73 -28 22 -69 -4 68 -84 8 -34 -59 -21 -65 -56 -62 -60 -89 79 -76 98 -2 -76 9 -95 73 26 -71 73 -90 -36 -49 -15 17 -59 76 -26 52 49 92 -93 -12 18 65 16 -51 -31 97 -53 -11 61 27 55 30 75 70 75 -72 -18 54 -23 44 -82 49 -50 87 -93 72 -30 -71 -19 43 42 -91 -72 68 -58 -80 24 -88 69 94 75 13 
40 79 -73 -67 -20 -52 43 -27 -94 91 -12 29 -71 95 46 66 59 30 -10 -14 -79 43 -53 -81 73 -94 13 29 61 65 -24 -27 20 -27 -58 57 39 25 7 -4 -90 70 -6 29 61 -68 -61 22 -67 -31 -70 44 -46 -37 73 26 -62 -78 83 50 69 24 58 71 -61 -63 -4 -79 -32 46 94 -6 67 79 35 -85 84 -82 53 -6 -61 -17 9 79 41 -43 -71 47 -70 -57 -22 68 -56 75 -69 31 14 -45 -41 -90 
66 54 -48 -30 -36 61 -66 43 30 -66 23 73 92 -33 42 -64 73 51 79 -18 36 15 -61 -7 -86 -10 -33 41 -85 -51 31 -6 -41 -94 79 87 45 -87 -45 -23 -62 57 -28 59 13 76 -47 -85 -83 92 -79 65 -35 39 -33 -60 18 88 -12 -7 -44 47 89 65 -46 -97 -3 -14 11 -41 -33 -96 23 66 -92 45 35 41 -98 -48 -42 -46 56 -98 53 75 -76 22 61 -9 -80 -21 -9 -64 -76 -71 36 13 -96 -46 
77 -55 82 -68 -35 -6 89 84 -43 95 -31 98 -89 79 -48 -28 94 85 63 55 55 -18 -62 3 27 82 -55 70 -1 -72 -25 -32 -96 -12 93 -17 89 -48 50 75 -31 -68 72 -52 88 -44 -38 -8 17 33 -10 -8 -32 -96 -95 -96 52 -88 17 67 37 -47 -35 -67 55 -93 -92 -19 -67 -89 -40 -46 6 -42 53 -67 -25 67 -84 89 -74 -96 13 -31 65 5 -39 42 -95 91 15 -26 81 -58 -32 -70 -45 -81 -91 -91 
17 -58 -50 -63 -6 -26 -57 6 76 -7 -81 41 -70 -84 -19 -15 57 -6 -12 44 -24 76 -48 -83 -82 -26 -68 9 7 -38 -21 -66 -48 -94 22 99 -36 95 90 -15 -66 19 -36 -4 -53 -31 -49 59 56 -79 31 -24 45 -31 -53 29 -61 41 -81 6 -55 -21 95 -70 60 35 69 -84 -82 34 -13 -67 38 -32 34 -90 74 38 -8 -89 -10 36 64 -29 47 -67 38 -44 -99 -69 -33 -69 51 -55 -7 41 -41 20 23 -95 
-77 21 85 18 70 97 -51 -95 -44 11 87 -96 26 -17 8 -42 75 19 -44 27 -99 69 16 -97 -89 -68 -8 78 -78 -94 91 62 68 -71 88 -38 21 -72 13 -18 22 87 46 -85 -85 49 86 -45 -23 49 -42 42 -31 66 13 -38 -23 53 -12 89 -54 77 -72 43 32 51 -12 -20 -57 -73 84 5 95 91 -2 14 52 -60 69 66 -55 43 -40 36 -33 -57 60 -94 3 -29 15 -70 35 37 41 81 35 -35 -25 -50 
-39 99 31 88 88 96 -59 31 -9 -37 60 3 97 61 91 -52 -18 -97 -53 -80 -59 8 9 22 -37 39 -66 -91 -22 1 -10 5 -2 -49 -96 98 -56 -34 72 3 83 67 77 -16 51 -79 47 -6 81 2 67 -77 98 -88 -36 56 -10 34 -79 28 -54 13 55 -75 -2 -35 38 -5 41 -6 -51 -51 -39 -34 36 89 -5 -66 16 52 18 -44 -41 95 52 91 93 -61 -89 -65 -69 -21 69 1 -50 4 3 36 57 -96 
23 -13 -56 91 -83 -93 -61 92 -29 91 -20 -26 -79 -34 -39 57 70 66 96 29 -79 -85 39 -34 6 -22 69 -29 28 -29 -86 80 68 -57 -72 -9 34 -95 -13 42 60 -7 -83 34 16 75 78 3 -96 -67 65 -70 -20 37 97 -85 -10 26 9 -22 -53 -1 95 68 65 -56 90 72 -15 94 23 1 -51 -67 15 -60 -18 -67 -86 61 83 -88 -59 32 9 89 -83 95 20 -22 -57 -17 -60 66 74 22 18 99 2 91 
85 66 -44 -60 -69 64 -2 -69 -54 23 47 -1 29 -34 -8 -73 95 73 73 9 -73 2 -85 -52 -44 72 -6 -52 73 51 -29 16 -18 33 37 35 -3 -1 39 40 94 -96 -85 12 -57 6 79 -2 -98 67 59 52 16 21 73 32 -11 -99 -11 96 31 -35 74 -42 -64 54 -26 -7 53 26 20 -1 95 -35 -12 -71 -77 -84 63 4 -10 10 28 -95 -64 -43 52 50 66 -63 3 37 -14 -79 97 1 -31 -48 -61 -68 
40 -99 -80 25 -76 -28 -72 91 -52 31 -68 11 -4 85 78 75 -12 45 47 -47 46 -60 86 -95 -89 43 -67 -74 -33 -57 8 2 95 -95 -71 67 69 -81 -86 -37 -43 -53 -97 -98 72 62 -82 -78 -32 61 64 73 -27 20 -6 -41 -74 -56 -74 -42 -31 83 61 21 91 -80 42 -90 -82 80 -6 -43 58 89 -39 -42 3 45 7 -22 -57 1 68 -28 -89 -22 88 -49 -29 -8 67 65 -37 57 24 -52 -74 -31 -49 75 
25 11 -20 62 8 2 37 78 -19 86 16 87 62 38 90 -17 52 -28 -64 11 0 99 90 -46 0 51 -14 29 -71 41 93 60 -61 -58 -32 93 -61 51 65 35 -97 34 58 85 -26 37 32 58 -51 33 41 93 -77 78 3 -2 57 -63 -58 -77 82 48 52 28 53 -12 -73 -48 9 28 -26 8 83 56 -81 -24 65 -95 -40 -11 -39 -65 63 -72 -48 34 82 31 27 10 31 45 10 -88 -76 87 -80 -18 -51 -44 
-40 -35 -83 -58 -23 56 -85 -55 36 66 75 -90 -51 -16 60 -30 -21 -72 98 68 8 -90 57 -98 -34 59 -87 -82 53 -34 -72 75 -45 29 -73 -60 -46 -20 -26 38 -36 55 -63 46 22 -51 98 -36 -50 43 -48 -19 7 -91 35 52 37 14 78 -30 -78 -99 57 -82 -47 96 90 -56 82 -21 94 -36 53 3 -16 -13 -88 -65 76 -46 50 76 85 -64 -19 -4 -48 -51 -53 22 -62 -30 1 27 -35 -50 -86 -56 -56 -86 
-19 -57 75 15 -28 -60 -68 -17 -21 89 69 71 50 -50 -7 70 -9 0 -66 -7 -8 76 -14 -4 -31 42 35 -42 -85 -38 -99 70 -56 -50 -48 -5 -68 38 17 24 -82 99 43 2 21 79 -3 78 -65 -90 -7 6 76 -20 -85 -35 -73 -55 10 17 5 -27 -5 4 79 -80 50 5 -90 -85 37 -15 -72 48 -49 -88 40 -28 -67 -87 88 3 -42 -76 -85 -82 65 -8 -43 11 84 -29 -54 -12 -68 78 41 -19 61 65 
-81 19 -90 -80 86 -67 71 -5 37 44 31 -99 3 -95 -8 71 98 -93 -43 76 9 -88 -78 -93 76 84 -32 63 -34 20 9 -49 -91 -1 9 -98 -30 23 32 -57 82 23 -40 -78 92 -92 -48 63 -62 -64 46 -61 -47 -97 -65 -2 31 -55 24 24 -28 18 79 75 46 -18 -67 -7 -68 3 -38 74 -7 -69 -5 76 26 6 -65 -96 -42 -28 -73 -92 -97 16 10 -76 -15 82 20 92 -28 -60 56 -28 -70 -34 -68 -16 
68 68 9 -95 39 -64 -4 2 -12 -79 -1 20 87 37 -89 23 -84 59 11 18 79 -66 -30 -5 39 -92 59 58 13 55 -37 61 78 92 -24 -13 5 -36 -35 -64 -79 91 69 9 20 -86 20 -44 25 -84 -89 -10 93 -29 -60 23 46 33 97 54 -85 35 -14 76 21 1 -92 -27 51 -19 -88 56 94 -87 -27 34 65 7 -39 17 81 -27 -9 -87 73 -10 -28 -74 10 66 -9 32 61 17 -97 -70 68 -48 -20 99 
98 8 -17 35 -65 97 84 31 97 37 -10 16 -52 -65 -50 61 -69 -61 -71 23 -9 -36 -49 -76 -31 -40 -68 -2 -36 -83 36 -48 -15 -28 92 -78 55 -46 95 43 56 68 54 43 77 -58 9 -88 40 -47 25 80 -98 14 75 18 45 32 -34 -39 -52 -85 77 -45 95 -1 -86 -44 13 -54 77 61 32 -64 -35 -80 25 66 -72 19 70 -20 53 38 -14 43 35 49 -34 -93 70 20 76 -59 -21 -87 -78 -8 -58 46 
94 -7 -63 -31 -70 -59 -11 69 4 80 50 -61 -75 -6 25 33 57 91 -86 -51 -2 97 -83 -96 49 -52 -61 -66 15 -42 63 -69 47 -83 -73 -32 -96 -85 -66 15 -65 43 63 85 64 79 -89 68 49 -91 -14 82 -28 -63 -30 22 64 81 11 -77 47 35 4 80 83 -31 -82 64 -59 -73 33 -30 8 8 91 -85 -11 69 -69 92 54 -34 38 -16 43 73 -49 24 90 56 -20 -57 -88 1 -90 -31 -43 11 53 -77 
82 -6 94 43 99 16 -94 -55 98 88 -69 -64 84 -18 65 -51 -79 -19 55 89 -43 -76 -41 97 59 77 19 93 10 -85 5 -92 -13 -85 -4 63 -47 85 63 74 -89 -34 23 73 97 -83 -83 75 9 31 89 39 -97 66 -25 85 -46 51 -4 -41 -39 39 -45 46 -43 70 81 -1 -71 -54 -38 77 -93 45 33 -56 46 40 77 34 -83 -31 85 72 83 -76 -11 53 66 79 88 18 -43 47 -64 19 86 70 7 58 
-99 -45 -20 -24 -68 60 -80 60 -14 -34 -59 -90 64 -66 43 -16 16 77 26 62 -19 -12 93 46 95 22 30 -78 -79 -11 -39 1 66 85 -41 64 59 -3 -43 -30 99 -82 -78 29 -48 30 -14 31 98 -7 -2 -98 5 -15 12 -13 -43 72 -14 0 42 -36 -39 76 32 -4 89 -65 -96 79 -99 39 -76 78 -55 8 96 76 67 -21 66 77 -28 -18 54 -99 88 21 93 97 23 -66 44 -69 68 -21 -71 -48 42 -60 
-67 -50 20 44 9 -39 56 -19 -7 50 -82 25 11 29 46 53 -46 -20 89 91 16 -91 -13 14 15 68 -40 4 23 -93 -22 13 -33 67 95 -14 5 -39 -57 36 -46 54 84 -11 -22 46 -75 -4 32 71 -58 49 53 -32 -61 -69 -69 -9 8 95 -86 91 49 20 -5 75 -63 34 -66 -50 7 -36 35 44 12 -40 -12 23 -69 -77 -38 -96 -5 73 82 46 -32 66 45 -12 -10 53 -14 -80 -7 -13 37 53 7 -92 
-64 -99 2 92 12 -76 91 -26 52 -92 94 -10 5 39 40 3 -44 12 -40 29 91 70 83 -36 52 24 -1 -90 -22 -90 -37 -86 -13 -77 87 -5 25 85 -98 66 52 -84 -21 -79 -62 84 -10 -69 -6 -31 56 -99 -90 13 84 69 98 -21 -18 -75 58 -86 99 34 -71 -18 -47 80 67 40 83 -67 58 19 -83 -61 49 31 -37 76 -12 49 -54 37 -55 -15 -47 15 -63 -57 -27 31 -49 -8 -57 57 -64 -71 32 -11 
39 2 62 93 -15 -76 -67 -36 7 -84 -62 -57 1 30 89 -90 94 97 -26 -11 -17 20 -39 -87 -98 -9 18 77 -46 -28 51 -22 -96 -1 -68 30 74 -52 -91 -16 -54 91 63 -46 95 -63 18 56 47 -44 42 -45 -56 -36 51 -27 30 47 -59 -71 -85 39 22 83 23 38 25 -73 11 8 98 -59 25 64 31 -60 30 -57 -69 96 67 -23 -31 20 26 -91 -21 25 54 -39 86 -79 -61 48 -75 1 62 63 47 9 
39 -95 8 -13 67 25 -27 -96 45 34 -13 22 46 58 -24 -88 -7 -59 64 -48 68 47 -36 20 -39 -32 13 -49 40 54 -74 92 -70 55 -63 82 40 -82 -61 -92 -74 -8 45 16 21 -6 -91 68 -33 -76 30 57 80 24 -65 53 24 -86 -57 26 -15 56 -30 69 6 -7 32 -31 -8 -53 53 -84 35 -64 15 -67 -31 13 -11 72 -76 56 -88 -26 -93 91 -27 -70 75 55 43 -23 37 13 1 44 12 47 -26 -79 
-18 -98 99 -22 12 -49 -61 -73 82 29 3 -13 3 65 94 -32 68 23 -8 -27 -95 88 -90 -98 28 56 50 59 -10 -66 44 -89 6 -28 72 -44 9 -78 96 -73 -68 0 89 51 38 33 70 -23 -95 77 30 -36 -47 -53 10 -14 25 -71 -67 67 78 87 97 59 -4 -13 -71 14 51 42 99 -44 92 66 -16 -90 -43 3 87 1 55 -26 15 63 -20 -32 85 -72 -21 -71 -2 22 -87 -39 84 -79 -84 -91 51 4 
-84 -93 16 -24 -10 -62 2 41 47 32 63 -20 31 -60 93 20 -70 -28 86 -43 11 -51 42 36 -30 78 27 -57 -63 -96 -36 -68 32 17 96 72 18 49 -87 99 14 45 -8 -93 -40 -45 67 -98 42 -85 92 71 84 95 -16 -83 -98 25 -55 -51 67 61 -36 -64 -64 5 51 32 77 54 16 28 87 84 59 -11 79 -18 11 -35 95 -18 -90 -82 -15 8 -17 -82 42 45 84 56 95 -46 -7 -83 1 -80 -99 79 
87 90 -34 -4 -30 17 -74 -78 77 -25 -16 -38 -94 -78 -20 -17 -99 -30 -68 -6 -19 57 1 16 92 83 -80 -36 -54 1 -93 61 46 -46 -59 -63 35 -12 48 21 -83 -14 -93 23 96 59 72 42 -99 -72 62 14 12 -70 29 46 -58 91 -26 -64 29 -96 8 5 28 6 -9 -13 -75 -48 -34 -41 61 -89 0 78 73 92 79 46 60 -57 86 38 -38 59 -45 -21 -36 -68 0 52 -35 -24 -37 5 56 -30 -12 -85 
