-17 -47 -27 0 -67 37 36 39 29 65 -81 -13 -92 -94 -53 -86 -55 94 -59 -65 57 46 -73 -75 -41 13 46 -91 -91 80 46 76 98 16 -6 37 -22 -23 -3 -37 27 27 10 -72 28 -94 15 -40 65 -81 
1 -65 40 -94 -74 -17 -5 -86 -93 50 -66 -78 6 -24 28 -18 56 -10 -31 52 -97 17 12 75 -48 -20 -46 -56 -42 55 -69 -46 51 -68 -97 98 9 72 0 -16 21 -80 42 -22 -10 36 -72 39 17 -96 
94 -62 45 -16 -62 56 -58 -19 9 54 85 16 78 75 -20 44 11 36 -61 16 -38 57 -82 54 7 -26 -71 58 35 -26 39 77 -22 -55 -41 -22 82 -31 -95 40 -35 14 -24 -88 -96 -24 77 24 -43 -26 
89 -21 22 12 -34 91 -30 68 57 -27 11 -72 69 24 79 -32 -12 36 9 -88 -4 -40 -76 88 29 93 -99 85 -82 -32 29 -96 6 51 15 63 83 -42 -41 -92 -94 -48 -16 -57 -84 -20 79 4 -49 58 
-18 -77 -42 90 -16 -95 -27 -37 55 -15 -31 -99 68 82 -48 21 59 -89 -11 -96 -39 60 -17 44 52 -97 -30 83 -14 -39 -31 -96 -38 -12 -24 11 -34 52 11 -27 -41 -31 -41 -68 91 -31 55 23 -94 36 
19 -60 29 97 37 28 -9 7 -46 13 4 -81 3 -11 14 -6 69 -16 47 7 -17 -97 -45 64 48 23 -96 85 -52 7 90 -67 -35 -24 33 -29 11 36 65 38 94 49 74 77 -33 -49 -42 -3 -68 -73 
69 44 -32 49 40 -39 -92 -70 -33 -10 28 -23 89 -23 82 -67 -38 -52 52 17 29 80 -5 -85 -86 16 -16 89 42 -71 -80 -34 -35 -56 2 77 -20 14 -26 72 -81 -48 -70 53 -69 -60 -91 74 8 -54 
84 88 15 -61 -46 -19 -62 45 36 85 60 78 71 88 81 -8 -20 -59 -49 74 40 -58 11 60 94 -70 93 86 -48 -57 89 6 -84 19 -81 -21 64 -88 -85 -9 -15 46 76 -73 -99 60 -28 -33 65 -30 
73 -11 -31 42 84 -81 49 -67 25 -81 -29 42 32 -3 83 -33 -57 73 -80 -37 -70 -13 9 -59 34 -51 51 53 -64 -82 21 54 -89 85 70 19 -79 53 34 -13 -88 87 73 -85 -78 14 89 -35 -81 87 
25 0 -30 79 -82 22 -24 55 -29 -50 -59 -31 12 -63 -51 43 70 34 -92 -66 84 -1 -43 -78 -40 -4 -91 80 95 57 -88 -88 76 -48 22 60 79 2 39 27 57 -5 50 40 94 -30 -68 -25 79 90 
65 43 39 -52 -10 93 44 94 87 77 25 -25 21 3 -50 -66 -34 14 64 12 -17 -50 -22 5 -94 -14 7 95 -93 8 1 52 -85 16 89 1 91 34 42 81 -89 50 -30 -88 90 -42 -20 56 -56 78 
-62 -29 25 25 35 -30 -36 94 -53 -38 40 33 -63 49 40 6 -37 57 -60 -33 63 -31 79 -31 -62 -52 -19 -59 80 93 16 -48 -92 -17 -43 -42 -21 87 48 40 -97 6 72 20 45 -95 12 -44 -38 -79 
-97 13 -14 16 -10 11 -32 23 -71 -52 -5 35 -89 -4 -39 -12 33 56 6 70 64 23 -87 84 -68 -73 -42 -72 49 71 88 52 -52 -76 38 -83 -62 3 -13 -19 -83 86 28 -21 -72 85 -83 -57 -66 -95 
64 16 28 49 -5 76 -92 -76 94 -80 -27 -90 6 99 -84 -87 -37 -37 51 -84 -64 -25 91 9 76 6 76 -36 -78 82 25 -68 -92 -10 -95 -46 9 74 34 1 -56 85 48 -50 34 -52 99 59 -95 -37 
25 -20 -8 54 78 10 27 36 1 70 61 49 -12 -86 26 89 78 77 -2 -87 -8 51 26 -32 25 -67 -97 -49 -53 49 -59 42 -84 -41 65 12 -39 15 30 -44 39 22 -70 -91 23 2 47 16 -38 37 
-82 22 89 -11 81 33 -83 -85 -66 -76 13 -80 83 -83 21 61 -82 42 -78 -53 80 -91 -95 -23 99 73 -67 -2 75 -32 -38 -41 -10 -42 72 88 95 -46 85 -8 13 -48 -57 43 -35 40 64 78 8 70 
2 -87 17 43 56 -82 -68 -2 7 51 -87 52 -36 -41 19 -29 36 -40 65 88 -63 89 -87 -9 96 -66 44 66 39 -1 -33 85 -72 -1 7 83 -54 -85 -35 35 86 67 38 -11 2 -14 -12 -36 74 65 
-25 -15 26 89 -55 -24 -65 27 -50 94 -59 16 31 -28 -81 53 35 85 -6 81 -12 37 -81 9 -62 -47 36 94 -71 50 -63 -83 -70 42 -82 -71 81 7 -93 -43 -28 4 -84 -34 -82 -10 56 -9 58 21 
-93 51 -93 26 -6 27 -36 80 58 -1 74 -76 65 -77 -39 -17 -85 -69 -69 -23 -85 65 43 14 -76 -17 43 -94 74 65 -58 14 29 -57 72 -98 -91 -41 -91 -33 -15 -16 79 60 -80 85 87 -31 -63 38 
-56 -90 -41 -27 -90 -57 4 -76 -68 -81 -53 46 6 -16 44 -24 47 93 93 -40 -16 64 -56 -78 -66 -10 21 -9 -92 -36 -7 -15 -32 -71 -42 -36 -16 49 44 35 -24 -4 -85 55 -25 -54 -1 35 -76 -53 
63 -53 -30 -23 3 -98 35 -60 -71 -51 -59 -44 -52 9 62 60 -43 -34 -15 -97 73 -60 -9 -63 -58 74 7 -34 -10 -24 -37 2 -28 73 -30 -13 -90 -86 55 -45 57 -74 88 49 11 0 -21 -30 -35 -50 
71 83 55 23 -47 -20 -9 -66 -57 -42 -12 -27 -8 44 80 -73 -65 78 -81 -97 1 -94 -28 -37 -79 5 -30 0 65 -74 18 10 -20 -7 4 -61 96 82 -98 45 37 -49 -77 -28 -22 -54 55 -96 97 -50 
78 0 31 36 79 -60 11 48 -50 -56 -62 -56 -5 -67 61 -65 -18 90 0 -17 4 -21 6 78 35 -29 -50 31 -78 15 -23 84 25 67 -81 -10 85 62 63 -4 71 46 -85 13 99 -92 -44 43 61 64 
-62 84 56 -94 5 74 64 -67 -92 0 72 81 -55 -54 -49 78 -4 -93 -58 51 -16 -33 41 53 23 61 -89 -16 -53 -76 48 -15 64 42 85 35 -82 -62 -16 47 51 -36 42 -83 89 59 -26 -75 -73 -21 
-3 75 31 16 -17 17 -60 3 -57 -77 -30 -63 67 -95 34 35 74 -5 76 7 -28 -26 -19 -27 33 -78 -36 44 68 -31 94 55 -77 -60 -75 -8 87 99 19 27 -80 -71 -76 2 36 50 93 -52 51 78 
25 -76 50 -69 42 20 42 -9 41 -48 -81 -14 -70 77 99 98 10 49 -31 -24 15 -52 -94 16 33 74 -70 -6 20 -47 -50 69 -30 -54 33 -79 -43 82 44 51 -72 8 -34 5 -47 -3 74 -76 68 60 
-16 -25 8 -4 40 -92 71 58 79 -32 84 -74 27 66 -61 68 1 -47 -84 -86 -79 85 -40 67 66 -67 -34 -87 -70 -68 38 56 -7 1 21 -81 -15 -70 59 -97 -15 -5 23 74 -2 6 43 62 -21 18 
64 -42 -76 -52 -93 -12 42 -61 -4 -65 -90 -58 62 47 69 -83 96 83 -31 -78 16 -2 -21 -4 92 83 -20 26 9 92 34 63 62 -76 -58 60 54 82 -8 -12 87 -34 92 -3 56 -31 29 -91 48 -51 
-47 67 -9 -43 40 58 -97 -78 5 -37 50 -87 84 70 1 -42 -85 60 64 48 -20 31 36 28 -68 19 23 -28 60 18 78 -72 7 9 -6 41 90 -46 -45 7 -15 -87 -40 13 95 -87 67 92 -48 -8 
44 -32 19 -86 8 45 -81 77 85 69 -54 94 -2 -88 99 66 -72 32 -70 70 19 18 -81 27 51 -76 19 -60 -62 -91 -50 7 -5 -96 78 -84 44 46 -45 54 -16 -30 -90 -47 -34 -96 -12 15 -28 -72 
-10 95 -79 -43 0 80 18 -93 61 -26 -66 -53 57 -26 -16 -74 -78 73 30 -82 13 -41 74 -32 -2 -65 38 23 -94 20 -99 45 -61 36 -41 42 59 -60 -8 -91 -7 95 73 -60 -45 -67 -15 -91 4 27 
89 -65 -85 28 21 81 -37 89 -16 -98 -95 89 -56 96 -34 -67 71 -22 57 94 -7 85 96 3 -68 45 20 95 -42 61 -73 -73 0 -40 -14 -57 20 76 -60 -61 39 -36 -37 -8 85 -90 -98 74 -55 66 
93 -29 33 65 96 -6 29 36 91 81 34 1 27 61 13 72 14 0 -90 -55 74 57 13 -96 -43 -64 96 -37 -80 -18 -28 65 -22 57 -20 -96 67 -53 -64 -38 -51 -24 74 -53 -1 84 87 -11 38 -67 
69 -23 95 38 -68 -39 -51 -52 72 11 -39 76 -10 -99 -37 -99 -81 -65 28 87 45 83 -3 7 81 98 30 80 27 -23 -89 37 -98 31 -96 -14 60 -97 76 -60 -79 -98 5 99 49 -43 6 20 -57 25 
-12 -96 84 11 -20 10 93 -80 -10 66 -9 -3 -56 -65 31 -74 -93 10 66 43 -52 -99 -16 23 53 -27 -51 -62 13 26 6 80 55 96 -4 -90 63 -45 -37 -75 37 29 6 37 -44 -6 46 -83 -87 92 
4 -46 -43 -12 53 -40 -78 71 -24 -26 -97 -26 -44 -45 -61 49 -31 -81 -73 -99 -66 -47 -28 -64 41 9 -91 -58 -20 -11 -53 66 -20 -33 11 -26 15 65 18 -7 98 -76 -23 88 49 -29 -42 -86 43 -72 
-68 53 -68 71 -6 -13 -41 19 45 48 -33 -22 29 -93 -17 71 58 -33 -26 14 83 -22 -34 10 -43 91 51 24 77 80 -70 37 -36 -85 64 98 -52 -73 -17 -75 -87 -60 71 52 89 -51 -51 -75 -33 -24 
-97 23 73 -29 -17 41 18 31 -14 -25 20 -14 -97 -53 -16 -2 -6 92 -97 54 -94 30 23 99 22 31 -11 -25 95 -99 -61 6 -31 -64 99 -98 -26 -91 -56 -79 59 37 52 82 -99 80 33 -90 -50 -92 
40 -36 -37 -68 -71 59 -42 -67 47 -67 -37 56 -40 -63 46 26 7 75 -32 -39 -78 83 -9 84 -54 98 -48 18 11 11 -49 -11 -26 -9 54 66 23 54 -49 12 -12 -2 77 -68 9 14 22 82 -16 9 
-35 -32 64 63 -26 37 -1 -16 -35 -31 -63 -12 77 -2 -24 68 -6 51 -96 87 19 94 -6 -35 -67 58 43 -3 -24 -58 -97 8 -6 -57 6 53 37 23 -63 -56 -88 -33 83 36 72 -30 -97 -99 83 -33 
-66 -13 -47 91 89 -25 -85 -3 37 -29 -31 19 -3 20 -12 17 -48 -5 -52 -59 -14 31 -15 -99 75 84 -28 4 -23 -11 72 44 -99 -97 -20 36 -39 -30 49 28 31 11 32 96 78 -53 89 -10 -83 33 
41 -33 -75 69 -38 54 47 32 65 83 32 74 97 -52 -51 15 27 5 61 -62 10 21 -30 -13 11 22 45 86 48 -51 94 -33 -82 -39 -42 -58 17 -59 94 -70 18 -30 -63 88 -47 -79 70 19 37 -41 
53 25 -74 -12 -87 21 -18 93 -27 15 -54 23 33 -56 80 -60 79 82 -98 88 -13 -10 -19 45 -79 77 30 -75 -43 -91 80 37 -66 98 5 -39 24 -34 8 97 33 -90 -56 40 45 69 -30 34 -37 -32 
-20 95 -76 71 33 50 -87 -83 88 21 -45 36 40 27 -34 -35 88 -99 -95 -19 -91 -67 65 42 -76 -21 85 53 -66 46 72 87 24 -87 -5 -61 -39 -99 -80 8 -77 65 -71 -93 36 39 -47 19 -90 -25 
-56 5 -7 -93 73 59 -78 19 -90 -44 65 -52 0 -82 -81 -6 -11 -75 19 -83 -40 93 -41 -49 64 51 -64 53 -67 -7 -64 -6 -36 93 91 -80 -97 -60 -94 -80 -54 8 28 -34 -21 -42 -74 -91 90 -58 
90 6 -60 48 -92 -30 17 -55 -39 47 59 65 -51 -89 28 43 -68 28 -80 80 91 -73 -72 7 13 -54 68 12 -96 28 -2 -77 -10 14 18 -33 27 -4 -20 82 82 -69 96 38 32 -17 -92 -5 -44 -38 
57 85 -78 45 92 69 23 46 -9 -70 83 -54 61 -54 -11 -22 -48 -1 -66 -37 15 -73 65 -40 -5 89 -81 -54 40 42 43 -21 61 -79 -4 -84 64 -83 16 -87 43 38 -80 -52 -17 -53 -26 -61 85 63 
-22 99 85 -17 -49 -37 -90 -84 31 -62 -74 60 77 37 0 -42 -8 -9 -27 -52 -34 -68 37 52 -42 -73 54 40 41 -85 42 -29 66 -35 7 91 83 -56 78 -33 77 -33 -33 3 -81 -10 -27 -44 -25 -77 
83 -64 52 83 17 35 -33 86 -85 36 95 25 92 48 -69 -64 59 -14 -51 -88 83 -77 32 -79 -93 37 67 42 65 78 46 32 92 33 17 -23 79 -94 -88 -49 -43 -13 96 13 -55 -51 22 -28 32 -45 
6 26 89 3 -34 -75 17 37 87 43 20 -31 57 16 34 89 57 90 57 71 94 69 34 -93 37 -13 7 -15 -65 34 -11 -55 -42 71 -26 -35 7 55 -37 35 -42 93 10 91 3 8 9 63 -75 16 
