47 -18 -18 55 76 -5 25 -19 -78 49 7 -93 28 95 -78 27 19 20 -81 -21 96 38 48 95 -72 -70 -50 46 -80 74 -55 -82 37 59 3 91 62 10 70 38 -31 86 14 32 20 20 42 -39 -22 39 
-13 -43 -27 89 39 71 87 34 52 53 10 -73 24 -59 -54 34 -39 -41 77 -87 -81 -29 86 -62 54 -88 54 -65 -26 -42 -44 9 -21 -35 -96 -77 -9 -88 -60 -21 82 -76 94 -32 90 80 -96 -94 20 -60 
-43 26 54 -92 38 89 -68 81 -7 -48 82 71 85 82 -10 61 59 -69 -57 -89 48 20 -7 31 91 -50 72 -35 85 53 25 -88 34 98 70 6 -47 -25 -98 -54 -2 7 34 6 -28 90 87 80 -51 94 
5 -53 -48 15 -86 59 -96 82 19 51 -42 55 -32 -38 93 -66 -44 -99 35 -53 -47 -96 -55 -66 -2 -27 -49 95 -64 -74 14 -75 -15 5 56 96 10 -50 91 -59 -90 -55 23 3 84 7 28 -87 82 19 
-60 74 17 -92 -71 20 37 -97 -97 -16 39 -70 26 -14 -85 95 -15 71 -56 -42 53 6 76 -71 64 -51 98 20 -76 -8 -80 -3 80 5 -66 -92 -68 41 26 -39 11 -48 75 34 81 -76 -11 -26 -98 -65 
-86 -30 23 -44 -7 23 -12 -89 38 3 -15 70 -39 -37 -81 51 17 20 53 66 48 8 90 25 30 95 2 -39 -97 22 67 19 -92 73 23 37 88 -34 -25 56 -60 -54 44 -53 -46 20 29 -18 87 -97 
-37 -68 44 43 -79 91 73 -4 5 26 -65 66 -35 -26 -81 -76 52 -9 -62 33 -46 11 -19 -9 -43 54 -78 -43 -2 82 -39 47 -72 63 -75 -23 45 7 71 37 15 76 -29 -14 -33 76 4 56 -39 77 
-78 -1 93 -68 -75 -79 -33 88 -56 -98 -22 62 -79 32 1 7 -59 73 -22 15 78 -46 86 -79 15 99 72 74 -52 -89 40 62 -21 94 36 -29 19 -92 19 -54 76 29 -85 93 -40 64 78 97 -4 -46 
13 -49 -58 -93 -88 -24 -92 62 96 -32 63 78 49 -11 40 90 -15 86 0 66 -14 5 22 -34 57 11 13 -77 49 -96 80 99 -97 -15 -4 53 -39 -68 -36 62 -89 -38 60 44 66 -44 -86 -78 66 84 
37 -77 14 -82 -17 46 -24 -94 37 -63 73 11 -22 -25 38 -29 10 65 21 -6 -19 14 -35 85 89 73 8 -48 -4 92 -47 57 56 -63 78 51 14 -20 -15 -40 89 -61 -71 23 85 -69 16 10 44 -41 
-97 -79 54 93 63 13 45 61 -38 36 22 -58 90 -75 -80 -55 72 -70 -52 -98 53 81 -10 26 98 70 47 -88 -74 -20 -61 18 61 -3 -44 81 68 14 97 -75 -29 -99 -25 -96 13 -68 14 14 64 8 
-9 52 35 -77 -78 69 -70 -79 66 25 -96 -60 -66 68 -83 -1 -31 -29 56 92 -47 97 -30 58 89 -44 -55 -88 69 53 -87 82 -71 3 -92 -36 87 50 -29 7 -48 72 -86 69 -24 -27 -67 82 -92 5 
74 -62 -44 92 -7 -1 -46 -16 63 2 53 -14 -55 -14 -54 28 -64 86 -66 -35 -7 -14 -72 -31 77 -13 -35 -68 -49 -12 -37 -66 15 -19 -28 -85 3 -25 51 40 -37 5 11 -90 24 21 -19 49 45 -66 
-44 50 -90 13 15 1 -63 28 60 -17 58 -50 7 34 65 -29 -65 -95 -45 0 48 -79 -86 -25 -9 76 82 4 -20 -47 -3 -80 1 39 11 65 45 -54 -87 64 5 -78 -25 38 -3 69 38 7 -15 68 
-47 64 93 92 71 52 -63 -52 0 76 60 -56 -9 -86 -33 -44 -22 26 -94 -92 -29 -27 -15 7 -24 19 -91 -25 41 11 58 -60 72 92 -18 19 39 38 33 -5 16 18 75 -87 -77 1 -7 76 -39 -5 
-69 31 -56 -2 -52 -69 17 98 61 52 -11 -20 37 11 69 -53 -33 33 -98 -35 96 -88 67 -6 -32 58 10 80 65 -23 50 61 18 -99 74 -28 50 76 37 -59 -85 83 -67 -31 -94 59 66 48 -85 -2 
83 50 -82 75 -85 44 59 49 -29 34 -54 2 31 88 -96 -2 -9 -9 50 -91 -69 36 -33 -78 -78 -99 65 89 82 -77 -27 42 -72 5 32 -8 64 -97 -6 51 -84 3 41 61 47 -67 79 -40 -90 7 
63 88 -86 19 56 77 69 -34 93 76 23 -14 33 -22 -69 -17 24 -46 -42 37 -54 42 34 34 -68 90 81 54 -23 85 75 8 -28 -33 -44 94 -24 -55 69 -13 -66 -20 -50 24 8 59 -14 51 55 29 
-62 58 -33 -48 81 -13 -29 -7 -26 -97 42 67 26 -89 52 -55 78 -79 -32 -43 99 -50 -64 24 -7 78 93 -6 -44 -63 -59 -37 48 -86 -75 72 56 12 -37 60 -66 2 -4 -23 47 60 4 -25 -73 1 
70 31 90 36 -92 5 -59 21 -62 -6 -58 -83 30 -50 95 -33 46 96 -70 -12 75 58 -82 -47 46 25 -6 26 -26 -98 19 76 43 54 98 -98 -17 -83 -33 33 53 21 -69 -76 -55 -77 -50 -88 82 -55 
58 -8 -77 -18 7 61 -71 51 -86 -57 -88 -66 82 -10 65 40 87 78 -91 7 43 -12 -53 45 48 -40 -79 -4 -14 87 -15 33 -74 9 13 -59 -3 -82 60 -55 83 -54 65 30 42 -85 -12 -17 99 -45 
93 56 19 36 0 16 -74 -55 85 -52 -81 80 -28 93 13 -58 -51 14 60 -89 23 -39 -3 -35 49 58 20 67 73 93 -32 -33 94 -89 74 -86 7 -64 47 -4 -24 45 52 -91 -24 -20 89 -56 37 -19 
89 47 63 -26 -13 39 46 57 -50 49 -74 -60 -75 96 69 29 75 88 -89 58 -63 -10 2 -50 -12 13 -28 99 -91 63 -59 89 -19 -3 -40 -88 -29 -3 56 -85 42 23 10 -57 94 -87 56 35 -63 -8 
-19 23 12 71 18 -61 51 -17 -23 -22 85 82 -6 -7 83 75 -65 72 -72 -79 -85 82 -33 64 8 48 76 -54 11 -41 -10 56 -53 -27 60 52 -46 -38 25 90 33 -96 34 65 70 32 26 53 -23 97 
91 16 37 -63 -77 -12 67 -40 -30 -54 75 40 75 70 -44 -64 -7 -30 15 -54 -15 -53 -75 90 -34 25 -66 86 -31 -97 86 -59 -60 6 84 -57 7 -22 23 -27 87 -40 -22 4 -12 98 85 -22 -45 47 
23 14 -94 41 3 -24 -29 70 83 49 79 -41 4 -86 -63 -12 40 38 -87 36 99 88 28 -11 13 -13 -6 12 0 75 28 -27 -82 58 -71 -10 58 43 54 32 16 -39 15 70 -8 -58 -34 21 -80 46 
71 -21 -46 -58 25 72 -42 -77 -57 -72 84 57 -35 -21 45 46 42 27 -59 14 4 67 -53 39 5 -14 -33 32 -3 -17 -94 59 82 64 31 -66 -85 -40 -77 60 -99 93 59 29 -1 94 92 18 -9 87 
59 -99 -80 31 -85 -60 10 -15 98 -79 -36 -39 -31 78 -36 -75 61 12 -22 4 -34 -57 -40 -56 -44 -6 -76 79 28 81 86 -58 78 36 -82 21 16 -45 53 94 -14 53 45 -18 -8 63 27 97 -87 49 
-71 -17 -1 -9 61 20 -37 57 89 -87 61 62 45 29 53 96 -52 76 43 58 74 -91 16 46 -24 27 -48 45 -39 -68 98 92 3 -58 -66 55 77 -55 27 37 78 31 -71 93 37 -51 -53 4 -1 -78 
21 90 30 -30 17 -11 -1 -17 -73 18 -53 -60 37 -99 -17 -80 30 62 -11 -63 -82 47 69 18 -69 71 -60 84 -3 62 85 11 -51 -49 24 -74 97 61 34 -30 88 38 51 84 -54 12 -64 -95 -34 84 
-39 41 -70 45 -48 88 63 63 70 -47 91 -64 38 -56 14 -12 -29 32 40 8 10 -86 40 38 85 -32 72 76 51 43 23 -23 -43 70 -77 49 73 92 9 -24 64 -2 9 -38 60 3 57 42 -86 -92 
0 0 -53 -78 -36 17 -10 -8 -68 -93 -75 90 -12 29 80 -29 18 61 -77 -75 -39 95 -90 22 -4 -10 -99 -74 -15 -48 -28 -63 -58 31 -28 28 43 79 21 22 -21 97 38 17 -44 42 -53 -11 64 5 
15 46 18 -28 50 -93 17 87 -45 -24 -37 -30 38 -47 60 88 -71 0 -44 -75 72 73 -35 34 -72 -7 -48 87 -79 -65 49 -90 -35 68 -78 -62 53 -51 59 -86 91 75 38 60 -33 93 -66 93 32 -7 
-34 -9 5 -71 -27 -26 89 -23 -19 28 -94 -60 -7 -87 66 67 63 -81 12 -22 -40 41 -74 93 -58 16 51 -16 1 62 -89 -49 34 66 83 3 -94 -79 81 -9 -77 17 27 -78 -45 84 44 64 -27 72 
-54 2 95 47 38 -92 86 3 13 -81 71 31 -6 -98 84 -94 -68 83 92 86 -16 -54 -45 -10 29 73 42 14 74 94 -44 75 -69 -99 62 12 -7 -45 -68 -13 -63 -3 -35 14 17 -27 -86 20 44 56 
-85 95 -84 -65 -78 5 83 -56 -2 8 -94 -10 46 52 84 -75 -25 -49 40 42 52 -68 40 49 49 95 35 83 -64 32 41 -76 39 -65 -42 -68 22 4 -86 -72 20 -37 56 18 52 40 99 92 79 74 
-7 77 52 28 -1 -24 -6 38 -55 -28 89 42 70 9 17 -43 -52 7 22 97 82 -57 29 65 72 25 -96 61 13 -10 82 -60 2 54 68 75 -40 36 -16 -89 14 -23 -34 -69 74 48 44 -56 85 -13 
-12 -85 18 45 92 -33 48 -98 32 92 -22 -52 36 53 84 -46 5 99 -54 -49 -43 -86 -70 -3 25 -4 63 -53 74 20 5 -45 -12 -48 95 -61 -17 -90 -44 87 -94 78 -65 -68 -59 68 -60 -93 80 46 
-93 -74 52 87 92 41 53 88 -21 8 -61 19 -85 5 -65 -44 -31 79 -82 -50 98 -53 -59 -48 94 5 74 -2 -92 1 -24 -41 -70 55 -59 91 -19 -9 24 23 -43 -33 19 -43 78 -50 -38 -9 29 -47 
62 30 -99 70 33 -48 15 -40 17 4 3 34 67 -2 -6 -31 29 93 57 -61 -82 -89 -98 85 -91 -34 71 41 30 97 -93 -39 54 -86 -33 96 85 -99 3 45 10 62 68 -52 10 71 -52 77 20 38 
7 -53 -36 -1 -81 -8 86 21 -68 80 27 -34 88 99 -81 26 20 19 -34 85 0 -61 74 91 -67 -51 6 -80 -90 44 -6 94 42 2 37 -59 65 -65 53 -48 14 -84 71 81 19 -45 51 -13 75 25 
63 10 -6 -56 13 -68 -32 -83 23 77 37 -56 48 58 -39 -86 -15 96 41 24 -20 -74 74 -66 50 87 45 95 34 77 -16 53 7 56 22 61 91 -76 -14 -96 -44 90 -63 -52 89 53 -59 97 36 -31 
-73 -1 23 -41 -62 90 -4 44 66 -27 -39 19 59 58 -40 -15 -5 42 -61 -74 -21 -58 99 56 55 48 -65 -8 -83 24 67 90 -67 -91 -59 -23 68 97 -97 -86 -68 55 26 -79 -74 -23 44 63 -22 26 
-51 58 -27 -42 -41 71 54 -82 6 17 -65 -44 25 -44 73 2 -41 39 -96 30 88 51 -94 69 -89 0 -87 65 79 52 -1 29 -20 -48 96 13 59 51 52 -5 41 -38 -49 -79 97 55 -36 48 65 81 
-7 37 30 -94 49 -35 53 -77 -51 -63 -63 -27 -52 -95 48 24 8 50 -90 79 -49 -53 85 44 69 71 -35 -13 -66 -10 -74 -92 73 -94 74 -39 22 51 -33 5 38 -2 -31 68 -53 -8 80 -51 56 45 
-73 0 11 18 -31 78 72 29 36 -11 -3 -48 -86 -41 -39 56 -53 -71 58 83 -16 26 29 -35 -52 7 -47 -37 -61 63 -92 5 81 70 -54 -42 -69 20 99 -84 -70 -88 76 72 20 -94 70 95 -60 -38 
55 -32 65 -60 -32 65 -85 -57 -19 -10 -44 -41 80 53 -53 78 4 18 -27 -63 -62 -36 -8 -49 23 77 56 -38 -44 -93 57 90 -93 98 35 91 -20 -66 9 -95 -63 28 83 87 92 3 -4 8 -91 -66 
-65 57 -40 -45 40 -19 -25 -54 82 -57 -10 30 -68 65 62 68 20 -94 -98 -18 -75 1 3 9 84 -39 84 68 64 49 85 36 65 12 -5 -70 -40 -13 78 -6 6 81 -5 -48 18 43 -60 95 -35 50 
-51 75 43 61 68 -70 11 -71 3 37 76 -25 -34 -14 81 63 11 -34 74 -31 13 -98 81 27 -41 30 -67 2 44 60 -67 34 -99 54 -40 44 -69 -89 -20 59 -9 -73 -39 -79 97 -80 -89 80 42 -6 
57 -40 34 -90 -24 -28 79 0 -30 49 36 97 -19 -67 -29 -32 61 -6 -95 -8 -95 46 -70 56 -88 34 -50 88 -52 -72 -75 38 -75 -10 0 24 -91 86 41 3 22 57 -67 -66 18 86 0 -90 90 -10 
