47 -18 -18 55 76 -5 25 -19 -78 49 7 -93 28 95 -78 27 19 20 -81 -21 96 38 48 95 -72 -70 -50 46 -80 74 -55 -82 37 59 3 91 62 10 70 38 -31 86 14 32 20 20 42 -39 -22 39 -13 -43 -27 89 39 71 87 34 52 53 10 -73 24 -59 -54 34 -39 -41 77 -87 -81 -29 86 -62 54 -88 54 -65 -26 -42 -44 9 -21 -35 -96 -77 -9 -88 -60 -21 82 -76 94 -32 90 80 -96 -94 20 -60 
-43 26 54 -92 38 89 -68 81 -7 -48 82 71 85 82 -10 61 59 -69 -57 -89 48 20 -7 31 91 -50 72 -35 85 53 25 -88 34 98 70 6 -47 -25 -98 -54 -2 7 34 6 -28 90 87 80 -51 94 5 -53 -48 15 -86 59 -96 82 19 51 -42 55 -32 -38 93 -66 -44 -99 35 -53 -47 -96 -55 -66 -2 -27 -49 95 -64 -74 14 -75 -15 5 56 96 10 -50 91 -59 -90 -55 23 3 84 7 28 -87 82 19 
-60 74 17 -92 -71 20 37 -97 -97 -16 39 -70 26 -14 -85 95 -15 71 -56 -42 53 6 76 -71 64 -51 98 20 -76 -8 -80 -3 80 5 -66 -92 -68 41 26 -39 11 -48 75 34 81 -76 -11 -26 -98 -65 -86 -30 23 -44 -7 23 -12 -89 38 3 -15 70 -39 -37 -81 51 17 20 53 66 48 8 90 25 30 95 2 -39 -97 22 67 19 -92 73 23 37 88 -34 -25 56 -60 -54 44 -53 -46 20 29 -18 87 -97 
-37 -68 44 43 -79 91 73 -4 5 26 -65 66 -35 -26 -81 -76 52 -9 -62 33 -46 11 -19 -9 -43 54 -78 -43 -2 82 -39 47 -72 63 -75 -23 45 7 71 37 15 76 -29 -14 -33 76 4 56 -39 77 -78 -1 93 -68 -75 -79 -33 88 -56 -98 -22 62 -79 32 1 7 -59 73 -22 15 78 -46 86 -79 15 99 72 74 -52 -89 40 62 -21 94 36 -29 19 -92 19 -54 76 29 -85 93 -40 64 78 97 -4 -46 
13 -49 -58 -93 -88 -24 -92 62 96 -32 63 78 49 -11 40 90 -15 86 0 66 -14 5 22 -34 57 11 13 -77 49 -96 80 99 -97 -15 -4 53 -39 -68 -36 62 -89 -38 60 44 66 -44 -86 -78 66 84 37 -77 14 -82 -17 46 -24 -94 37 -63 73 11 -22 -25 38 -29 10 65 21 -6 -19 14 -35 85 89 73 8 -48 -4 92 -47 57 56 -63 78 51 14 -20 -15 -40 89 -61 -71 23 85 -69 16 10 44 -41 
-97 -79 54 93 63 13 45 61 -38 36 22 -58 90 -75 -80 -55 72 -70 -52 -98 53 81 -10 26 98 70 47 -88 -74 -20 -61 18 61 -3 -44 81 68 14 97 -75 -29 -99 -25 -96 13 -68 14 14 64 8 -9 52 35 -77 -78 69 -70 -79 66 25 -96 -60 -66 68 -83 -1 -31 -29 56 92 -47 97 -30 58 89 -44 -55 -88 69 53 -87 82 -71 3 -92 -36 87 50 -29 7 -48 72 -86 69 -24 -27 -67 82 -92 5 
74 -62 -44 92 -7 -1 -46 -16 63 2 53 -14 -55 -14 -54 28 -64 86 -66 -35 -7 -14 -72 -31 77 -13 -35 -68 -49 -12 -37 -66 15 -19 -28 -85 3 -25 51 40 -37 5 11 -90 24 21 -19 49 45 -66 -44 50 -90 13 15 1 -63 28 60 -17 58 -50 7 34 65 -29 -65 -95 -45 0 48 -79 -86 -25 -9 76 82 4 -20 -47 -3 -80 1 39 11 65 45 -54 -87 64 5 -78 -25 38 -3 69 38 7 -15 68 
-47 64 93 92 71 52 -63 -52 0 76 60 -56 -9 -86 -33 -44 -22 26 -94 -92 -29 -27 -15 7 -24 19 -91 -25 41 11 58 -60 72 92 -18 19 39 38 33 -5 16 18 75 -87 -77 1 -7 76 -39 -5 -69 31 -56 -2 -52 -69 17 98 61 52 -11 -20 37 11 69 -53 -33 33 -98 -35 96 -88 67 -6 -32 58 10 80 65 -23 50 61 18 -99 74 -28 50 76 37 -59 -85 83 -67 -31 -94 59 66 48 -85 -2 
83 50 -82 75 -85 44 59 49 -29 34 -54 2 31 88 -96 -2 -9 -9 50 -91 -69 36 -33 -78 -78 -99 65 89 82 -77 -27 42 -72 5 32 -8 64 -97 -6 51 -84 3 41 61 47 -67 79 -40 -90 7 63 88 -86 19 56 77 69 -34 93 76 23 -14 33 -22 -69 -17 24 -46 -42 37 -54 42 34 34 -68 90 81 54 -23 85 75 8 -28 -33 -44 94 -24 -55 69 -13 -66 -20 -50 24 8 59 -14 51 55 29 
-62 58 -33 -48 81 -13 -29 -7 -26 -97 42 67 26 -89 52 -55 78 -79 -32 -43 99 -50 -64 24 -7 78 93 -6 -44 -63 -59 -37 48 -86 -75 72 56 12 -37 60 -66 2 -4 -23 47 60 4 -25 -73 1 70 31 90 36 -92 5 -59 21 -62 -6 -58 -83 30 -50 95 -33 46 96 -70 -12 75 58 -82 -47 46 25 -6 26 -26 -98 19 76 43 54 98 -98 -17 -83 -33 33 53 21 -69 -76 -55 -77 -50 -88 82 -55 
58 -8 -77 -18 7 61 -71 51 -86 -57 -88 -66 82 -10 65 40 87 78 -91 7 43 -12 -53 45 48 -40 -79 -4 -14 87 -15 33 -74 9 13 -59 -3 -82 60 -55 83 -54 65 30 42 -85 -12 -17 99 -45 93 56 19 36 0 16 -74 -55 85 -52 -81 80 -28 93 13 -58 -51 14 60 -89 23 -39 -3 -35 49 58 20 67 73 93 -32 -33 94 -89 74 -86 7 -64 47 -4 -24 45 52 -91 -24 -20 89 -56 37 -19 
89 47 63 -26 -13 39 46 57 -50 49 -74 -60 -75 96 69 29 75 88 -89 58 -63 -10 2 -50 -12 13 -28 99 -91 63 -59 89 -19 -3 -40 -88 -29 -3 56 -85 42 23 10 -57 94 -87 56 35 -63 -8 -19 23 12 71 18 -61 51 -17 -23 -22 85 82 -6 -7 83 75 -65 72 -72 -79 -85 82 -33 64 8 48 76 -54 11 -41 -10 56 -53 -27 60 52 -46 -38 25 90 33 -96 34 65 70 32 26 53 -23 97 
91 16 37 -63 -77 -12 67 -40 -30 -54 75 40 75 70 -44 -64 -7 -30 15 -54 -15 -53 -75 90 -34 25 -66 86 -31 -97 86 -59 -60 6 84 -57 7 -22 23 -27 87 -40 -22 4 -12 98 85 -22 -45 47 23 14 -94 41 3 -24 -29 70 83 49 79 -41 4 -86 -63 -12 40 38 -87 36 99 88 28 -11 13 -13 -6 12 0 75 28 -27 -82 58 -71 -10 58 43 54 32 16 -39 15 70 -8 -58 -34 21 -80 46 
71 -21 -46 -58 25 72 -42 -77 -57 -72 84 57 -35 -21 45 46 42 27 -59 14 4 67 -53 39 5 -14 -33 32 -3 -17 -94 59 82 64 31 -66 -85 -40 -77 60 -99 93 59 29 -1 94 92 18 -9 87 59 -99 -80 31 -85 -60 10 -15 98 -79 -36 -39 -31 78 -36 -75 61 12 -22 4 -34 -57 -40 -56 -44 -6 -76 79 28 81 86 -58 78 36 -82 21 16 -45 53 94 -14 53 45 -18 -8 63 27 97 -87 49 
-71 -17 -1 -9 61 20 -37 57 89 -87 61 62 45 29 53 96 -52 76 43 58 74 -91 16 46 -24 27 -48 45 -39 -68 98 92 3 -58 -66 55 77 -55 27 37 78 31 -71 93 37 -51 -53 4 -1 -78 21 90 30 -30 17 -11 -1 -17 -73 18 -53 -60 37 -99 -17 -80 30 62 -11 -63 -82 47 69 18 -69 71 -60 84 -3 62 85 11 -51 -49 24 -74 97 61 34 -30 88 38 51 84 -54 12 -64 -95 -34 84 
-39 41 -70 45 -48 88 63 63 70 -47 91 -64 38 -56 14 -12 -29 32 40 8 10 -86 40 38 85 -32 72 76 51 43 23 -23 -43 70 -77 49 73 92 9 -24 64 -2 9 -38 60 3 57 42 -86 -92 0 0 -53 -78 -36 17 -10 -8 -68 -93 -75 90 -12 29 80 -29 18 61 -77 -75 -39 95 -90 22 -4 -10 -99 -74 -15 -48 -28 -63 -58 31 -28 28 43 79 21 22 -21 97 38 17 -44 42 -53 -11 64 5 
15 46 18 -28 50 -93 17 87 -45 -24 -37 -30 38 -47 60 88 -71 0 -44 -75 72 73 -35 34 -72 -7 -48 87 -79 -65 49 -90 -35 68 -78 -62 53 -51 59 -86 91 75 38 60 -33 93 -66 93 32 -7 -34 -9 5 -71 -27 -26 89 -23 -19 28 -94 -60 -7 -87 66 67 63 -81 12 -22 -40 41 -74 93 -58 16 51 -16 1 62 -89 -49 34 66 83 3 -94 -79 81 -9 -77 17 27 -78 -45 84 44 64 -27 72 
-54 2 95 47 38 -92 86 3 13 -81 71 31 -6 -98 84 -94 -68 83 92 86 -16 -54 -45 -10 29 73 42 14 74 94 -44 75 -69 -99 62 12 -7 -45 -68 -13 -63 -3 -35 14 17 -27 -86 20 44 56 -85 95 -84 -65 -78 5 83 -56 -2 8 -94 -10 46 52 84 -75 -25 -49 40 42 52 -68 40 49 49 95 35 83 -64 32 41 -76 39 -65 -42 -68 22 4 -86 -72 20 -37 56 18 52 40 99 92 79 74 
-7 77 52 28 -1 -24 -6 38 -55 -28 89 42 70 9 17 -43 -52 7 22 97 82 -57 29 65 72 25 -96 61 13 -10 82 -60 2 54 68 75 -40 36 -16 -89 14 -23 -34 -69 74 48 44 -56 85 -13 -12 -85 18 45 92 -33 48 -98 32 92 -22 -52 36 53 84 -46 5 99 -54 -49 -43 -86 -70 -3 25 -4 63 -53 74 20 5 -45 -12 -48 95 -61 -17 -90 -44 87 -94 78 -65 -68 -59 68 -60 -93 80 46 
-93 -74 52 87 92 41 53 88 -21 8 -61 19 -85 5 -65 -44 -31 79 -82 -50 98 -53 -59 -48 94 5 74 -2 -92 1 -24 -41 -70 55 -59 91 -19 -9 24 23 -43 -33 19 -43 78 -50 -38 -9 29 -47 62 30 -99 70 33 -48 15 -40 17 4 3 34 67 -2 -6 -31 29 93 57 -61 -82 -89 -98 85 -91 -34 71 41 30 97 -93 -39 54 -86 -33 96 85 -99 3 45 10 62 68 -52 10 71 -52 77 20 38 
7 -53 -36 -1 -81 -8 86 21 -68 80 27 -34 88 99 -81 26 20 19 -34 85 0 -61 74 91 -67 -51 6 -80 -90 44 -6 94 42 2 37 -59 65 -65 53 -48 14 -84 71 81 19 -45 51 -13 75 25 63 10 -6 -56 13 -68 -32 -83 23 77 37 -56 48 58 -39 -86 -15 96 41 24 -20 -74 74 -66 50 87 45 95 34 77 -16 53 7 56 22 61 91 -76 -14 -96 -44 90 -63 -52 89 53 -59 97 36 -31 
-73 -1 23 -41 -62 90 -4 44 66 -27 -39 19 59 58 -40 -15 -5 42 -61 -74 -21 -58 99 56 55 48 -65 -8 -83 24 67 90 -67 -91 -59 -23 68 97 -97 -86 -68 55 26 -79 -74 -23 44 63 -22 26 -51 58 -27 -42 -41 71 54 -82 6 17 -65 -44 25 -44 73 2 -41 39 -96 30 88 51 -94 69 -89 0 -87 65 79 52 -1 29 -20 -48 96 13 59 51 52 -5 41 -38 -49 -79 97 55 -36 48 65 81 
-7 37 30 -94 49 -35 53 -77 -51 -63 -63 -27 -52 -95 48 24 8 50 -90 79 -49 -53 85 44 69 71 -35 -13 -66 -10 -74 -92 73 -94 74 -39 22 51 -33 5 38 -2 -31 68 -53 -8 80 -51 56 45 -73 0 11 18 -31 78 72 29 36 -11 -3 -48 -86 -41 -39 56 -53 -71 58 83 -16 26 29 -35 -52 7 -47 -37 -61 63 -92 5 81 70 -54 -42 -69 20 99 -84 -70 -88 76 72 20 -94 70 95 -60 -38 
55 -32 65 -60 -32 65 -85 -57 -19 -10 -44 -41 80 53 -53 78 4 18 -27 -63 -62 -36 -8 -49 23 77 56 -38 -44 -93 57 90 -93 98 35 91 -20 -66 9 -95 -63 28 83 87 92 3 -4 8 -91 -66 -65 57 -40 -45 40 -19 -25 -54 82 -57 -10 30 -68 65 62 68 20 -94 -98 -18 -75 1 3 9 84 -39 84 68 64 49 85 36 65 12 -5 -70 -40 -13 78 -6 6 81 -5 -48 18 43 -60 95 -35 50 
-51 75 43 61 68 -70 11 -71 3 37 76 -25 -34 -14 81 63 11 -34 74 -31 13 -98 81 27 -41 30 -67 2 44 60 -67 34 -99 54 -40 44 -69 -89 -20 59 -9 -73 -39 -79 97 -80 -89 80 42 -6 57 -40 34 -90 -24 -28 79 0 -30 49 36 97 -19 -67 -29 -32 61 -6 -95 -8 -95 46 -70 56 -88 34 -50 88 -52 -72 -75 38 -75 -10 0 24 -91 86 41 3 22 57 -67 -66 18 86 0 -90 90 -10 
-17 -3 36 -43 82 -13 -26 45 -34 10 28 60 26 -67 34 -79 66 72 -17 20 24 -93 78 -56 -68 46 -75 58 -2 -21 48 72 48 -12 26 68 20 44 76 82 31 29 28 75 33 -37 -59 -77 46 -8 79 -10 6 60 62 50 93 -4 -90 -83 -5 10 73 14 -61 -63 68 88 -18 29 -48 -87 56 -9 -23 38 -90 -17 54 97 -51 -79 65 -9 21 -50 -13 11 -94 -96 -90 57 5 21 -9 -70 8 86 36 -48 
-46 26 40 -51 -41 -23 56 -95 32 -24 82 73 -40 34 67 -54 -59 -6 -84 -23 -73 -95 53 -59 -2 99 -70 -9 -97 -44 42 -24 -60 70 -11 -88 -13 -3 -1 81 33 81 18 -65 2 74 47 -37 12 77 -40 27 -99 72 -29 -38 89 -58 -39 -64 -93 -7 6 6 -84 -24 -72 -21 69 -90 56 56 54 -96 6 -61 7 -12 -88 53 49 97 -14 -79 20 82 -37 -15 -63 -22 78 81 30 -13 -87 56 32 -21 -63 82 
-42 -13 -35 17 -31 16 -82 -27 20 56 20 -52 91 57 -68 35 24 60 -96 -29 66 -38 76 97 68 -34 -34 -27 10 -97 -46 26 97 70 -71 -54 -71 68 19 91 -6 -73 -61 -60 49 -27 -65 79 -99 -2 27 -2 -73 11 58 24 36 89 66 -39 -8 92 9 5 -23 -61 -2 31 -88 59 -35 85 68 -49 89 25 9 -41 45 -32 55 42 61 90 56 -22 18 -60 -44 57 19 -52 8 7 -12 46 -22 14 20 -39 
11 21 28 -96 63 -45 -41 -11 -73 47 -35 12 -49 62 20 -81 65 -42 -80 -26 -69 49 9 90 81 -77 -67 58 -75 5 -47 -79 -65 71 43 10 51 -83 77 -45 79 -19 14 -92 -45 94 7 -37 -21 44 97 69 -95 96 -58 -55 -64 1 -19 69 17 -94 97 94 -46 78 88 94 3 -10 -55 67 60 85 -96 -50 80 11 -54 36 94 78 35 43 -95 -70 90 11 92 70 -55 -88 5 98 98 -53 87 92 88 16 
-18 -60 -65 69 -42 84 -32 41 -3 4 84 -86 -86 49 -82 -88 -89 -32 -88 -54 -70 21 -17 63 36 48 29 -14 -61 63 92 -41 -45 5 -91 83 67 68 -8 -81 -82 8 -16 -75 -61 -26 91 -42 54 -26 -53 89 -72 52 81 -23 93 20 92 -85 -45 -99 -5 -86 -59 3 93 -26 32 -66 -4 4 49 86 12 -35 90 -28 -91 57 -79 -65 -38 -40 -98 -82 73 -71 21 -36 -77 83 -36 90 -24 8 -28 37 -89 70 
-38 38 90 -25 -41 -49 94 -64 27 38 96 1 81 56 -37 82 58 27 -6 29 -54 68 32 -57 95 -57 85 12 63 -16 -80 -19 -57 -40 -77 -67 -53 -14 95 79 -6 -17 3 88 -14 31 -91 -52 -24 49 -25 -3 53 -24 -86 -97 20 -56 0 -41 17 32 -22 -87 -79 -23 -46 -34 -23 -22 -23 8 -95 -50 22 -53 35 38 -31 -11 31 -20 -3 75 -69 -54 32 49 21 -5 -4 98 -48 -98 -73 -17 48 -14 -18 73 
-64 -60 -24 20 -10 -17 33 -31 28 34 -91 -49 -55 41 92 -29 -66 -53 -85 -41 -73 -47 60 81 59 -33 -31 -84 63 -16 -25 95 -37 -31 -25 49 20 -56 40 11 -84 -38 38 -96 57 11 -59 -12 -41 -81 32 83 -40 -99 -20 71 -96 3 64 -37 14 57 34 7 78 27 -57 -81 -65 -19 -69 55 8 -48 -79 -48 -95 -31 -98 44 55 -33 -34 96 -95 -61 -10 -20 30 42 -5 -98 -31 90 77 21 -46 80 -25 36 
-98 65 13 -99 84 18 -54 70 94 -41 -34 -67 93 -11 99 -41 72 -76 -13 -40 24 -30 68 58 76 99 23 56 85 67 -39 -79 -79 28 70 -86 77 57 -23 -17 -58 48 91 96 46 -44 57 59 -1 -50 17 -60 -95 99 -78 2 -99 -22 -52 -41 -55 86 -4 2 97 14 -76 -92 17 -34 41 -26 79 -89 -31 7 95 -24 99 78 -10 46 -91 -94 1 69 32 26 67 -14 34 -62 13 50 -57 -84 -48 -43 4 -71 
12 83 82 -59 -55 -9 62 -27 -35 -16 42 55 47 -92 70 -69 9 49 -93 76 -5 8 61 79 -17 -76 -76 -5 82 -83 -37 66 -41 24 62 93 40 -16 6 13 -35 -2 -66 46 73 -42 -19 67 86 68 -65 22 60 -27 8 -76 91 -27 -25 -76 -36 -17 -76 -51 55 -29 11 66 -32 24 -74 -43 84 -58 -50 -5 -55 69 -81 -64 -63 80 93 -82 -20 67 -24 3 -14 -72 -68 -28 -82 -90 -81 -70 10 38 -10 -92 
42 62 -50 -3 13 -39 92 -30 -38 84 -78 20 -41 73 90 98 42 -68 -15 57 93 -96 88 77 -96 -64 89 85 34 33 99 -31 22 -57 -62 61 -61 71 35 -70 74 97 -28 87 56 -13 6 -45 -27 18 97 -11 90 39 -51 -63 -52 27 -31 83 -84 86 -13 82 -25 57 13 -12 11 -34 -77 59 29 -8 14 24 64 77 -5 56 -25 -12 -33 -97 25 50 79 59 -43 63 6 2 -33 8 81 -35 -17 -19 -10 2 
46 -36 89 43 -94 -36 -86 -58 49 64 48 -47 -10 -29 39 -38 -49 -97 35 37 93 71 54 -1 -39 68 -61 22 74 47 75 -34 78 -18 -57 91 76 -57 -27 7 54 -30 -20 11 55 67 45 -51 -92 -75 -88 34 -68 76 -64 59 59 -60 57 -40 78 -8 -68 -38 35 58 -45 93 82 58 -60 5 -64 -26 33 37 19 62 -15 -90 11 -8 -90 -28 -63 -67 28 31 15 4 -81 34 -33 45 -75 48 -1 -78 -64 -12 
-89 90 -43 46 -85 -18 43 -53 54 -71 -99 87 -13 -97 78 21 -92 51 -15 -36 -91 47 -62 -49 -76 42 22 39 35 2 -6 -46 -73 -4 28 12 -64 26 -88 46 -85 10 -20 91 20 50 50 17 29 3 -54 79 51 -17 -23 1 -13 -80 -74 -73 0 69 81 -9 -39 4 -87 -35 37 82 -20 21 -40 -16 -30 80 -4 -70 44 -85 -52 54 32 -89 -2 80 -9 50 -64 95 -59 -53 -92 -31 83 52 64 0 -39 20 
57 -29 94 -93 -69 34 -73 -74 1 -12 65 40 -72 92 -31 -27 30 -36 25 -14 -53 56 64 86 -25 22 -89 59 64 53 93 -49 -79 93 -85 -85 7 -98 -89 -52 57 -64 -46 -6 -38 -34 -49 -61 -68 20 4 -91 -1 12 58 -47 55 41 -45 34 54 1 1 -92 41 57 -70 32 -48 -60 -5 -79 2 -47 80 -98 42 19 55 -18 40 14 -70 33 -53 14 -53 72 -3 -49 80 84 75 51 -77 58 57 62 46 -99 
-16 -91 1 -74 -40 29 -69 49 -55 -33 -86 -90 53 48 66 -81 -27 95 96 71 94 -16 -53 18 81 -99 81 31 -70 -64 -59 73 -79 55 21 76 -92 -11 -32 -42 -69 78 58 49 -46 91 -36 25 -85 94 -99 -86 -84 -9 -1 -93 -33 -50 32 90 41 44 14 20 73 50 17 71 -30 30 30 92 -8 11 34 -31 -7 28 52 54 -33 -81 51 -83 -83 -54 72 46 73 -12 -65 72 88 80 -92 72 -91 42 46 25 
80 -9 9 -84 13 5 34 -32 -94 77 -65 88 -83 65 -7 -96 -25 27 -2 -62 -94 82 21 -77 -65 33 22 -24 -1 85 -76 12 -16 68 1 -88 -76 15 -77 59 -23 12 40 73 -22 -11 -98 2 96 -11 92 51 3 -17 49 -82 91 17 -17 -64 -97 -77 -19 -5 95 -82 -29 -78 -80 84 -82 -98 79 4 -29 73 -73 -82 -91 99 -22 -29 -64 27 79 -34 60 88 67 -33 74 33 -64 -11 -79 0 -9 -21 46 24 
23 14 32 -1 66 49 -20 14 -44 33 -27 -11 71 -73 79 68 29 63 58 -39 -51 -47 -53 40 39 -24 29 -86 -85 42 36 38 -50 63 30 10 7 16 17 -68 -5 84 44 42 -98 -78 -53 26 -3 -98 74 31 34 27 45 2 16 92 64 27 -72 -54 -19 3 69 -58 -77 -75 -91 -21 -8 -18 28 64 -90 -38 27 -17 74 -59 -13 -31 -62 25 -30 87 23 50 67 -98 55 94 2 43 -48 -12 -87 -6 -64 11 
78 61 1 -65 91 49 -24 79 -79 2 69 16 12 -18 -54 98 -11 88 -47 4 13 22 88 29 -75 -65 -93 -91 49 -22 -88 86 -37 57 50 41 -88 68 -55 71 87 -47 -63 32 26 48 -39 -58 -7 92 -12 88 -75 62 27 -71 -27 -90 -21 -11 -25 -19 45 9 79 69 -34 19 14 -87 12 99 59 -22 -38 19 19 -8 -13 -75 -82 -92 66 -93 -41 69 -45 -29 17 -40 -42 -80 46 -21 92 -70 93 -6 -31 -82 
-18 -68 2 78 -84 40 -88 -57 -67 23 -20 -51 79 29 -89 -41 -90 -20 -99 35 -24 -72 -62 -83 22 91 -15 24 -16 -62 10 16 88 -61 99 92 83 -76 76 -19 -23 -31 27 -2 -80 -80 63 33 30 23 -59 16 -22 -67 34 31 -43 97 10 -26 -68 32 71 -82 67 -97 -13 55 2 -65 -46 -44 54 -74 95 -60 -78 63 -33 0 42 -39 34 31 -80 86 -72 -29 -68 -93 11 -47 37 -55 -42 -98 61 -15 -18 9 
41 72 10 -60 -47 59 -68 -66 -24 59 98 -96 -87 61 -42 -68 57 94 -25 -12 36 89 -63 75 -71 -13 -18 -35 -74 57 -73 30 -56 -55 -36 -14 -61 -19 -63 -2 10 -18 -31 -16 20 53 -99 60 -48 23 -52 3 24 -15 -15 -39 -78 98 -52 52 -63 37 83 80 65 96 -22 -49 55 -98 45 -67 -73 -90 87 -46 -70 16 48 -3 -78 -52 -6 -51 -18 -8 74 17 -82 -95 36 98 34 64 -45 96 -28 0 -30 36 
53 -55 -90 58 -20 -17 87 -75 88 38 -52 0 82 81 -64 11 40 -2 87 80 -90 -95 -34 64 -94 27 -85 -38 32 -31 58 2 21 -49 84 46 -2 84 86 -47 -76 21 -5 6 -69 -7 -2 1 -19 -17 65 96 -92 -80 80 34 67 13 -51 58 -54 -15 -13 -86 6 -5 72 77 -8 20 20 35 30 -96 83 -38 -49 -46 -38 60 -52 -32 68 -19 -85 81 56 19 67 -24 -68 -90 -24 21 82 4 -38 -93 -6 50 
12 -89 -42 98 17 -83 5 54 10 45 -50 -21 -60 -57 3 96 15 45 -39 -3 94 -96 -50 12 38 -71 56 95 -35 -32 -34 -70 -38 -48 -28 23 -17 56 -75 20 42 93 -82 -65 0 -83 -70 -24 33 2 -96 95 60 54 -70 -9 39 39 59 60 85 -54 62 14 -97 32 35 29 51 -11 -78 61 -69 -25 45 -18 10 -32 68 -29 36 63 -83 34 76 71 91 1 -47 -46 -35 38 -27 88 65 34 5 -35 -84 -82 
92 -44 -62 -61 71 -27 35 -72 -48 31 10 -57 19 82 -68 -74 -63 76 17 -3 18 -54 53 40 41 -60 -71 48 -22 99 9 -84 -50 15 -64 -92 -44 -57 -78 -9 8 31 54 87 -49 -80 0 92 -60 33 33 -44 -47 -43 96 -10 2 -64 -68 -97 20 86 -57 -77 32 -74 -21 -84 61 -12 -13 -66 -75 -79 -3 82 62 5 16 12 81 94 -36 -52 5 74 67 67 98 -64 -93 51 -13 29 96 12 92 84 -28 83 
38 11 15 99 -63 -12 99 -31 34 91 39 -54 -90 75 43 -17 69 -71 42 -14 92 36 16 33 -17 21 -73 -5 16 11 83 -98 -97 65 78 -82 -8 -24 41 87 81 -88 -47 -23 -98 -27 -44 -14 15 30 96 -72 -8 -89 -31 -14 24 -48 90 -3 -24 29 37 -24 -9 11 -13 18 5 99 -31 46 89 -40 -19 70 11 -33 80 52 99 -94 27 -99 45 99 61 48 -57 67 4 -33 65 -4 9 -47 92 32 41 80 
-70 45 73 -17 -65 36 29 -76 81 32 -77 -76 54 66 -78 -87 80 -36 78 -60 10 61 -27 31 61 -41 -93 -20 -6 -22 -43 26 17 -25 -3 67 24 -46 -21 -90 58 -32 -90 54 25 -22 35 89 87 -5 -79 -23 49 81 -14 57 82 30 50 -29 1 -56 98 -25 74 -28 21 78 58 51 2 -10 18 26 74 20 -36 -22 77 -4 -48 -93 73 5 84 4 18 38 50 84 16 -4 -9 -49 -69 56 -35 60 54 -95 
-6 -32 -19 -27 44 69 57 -34 37 -88 64 44 15 81 -8 67 32 95 67 -38 -80 69 9 62 -27 48 58 72 -78 5 88 -44 -35 -69 61 11 12 77 -4 24 51 -44 20 -5 -60 5 -77 -12 50 -91 84 -23 -67 88 -68 -82 16 39 -41 -25 -77 -61 -99 -61 81 -38 21 45 29 74 14 77 27 61 -37 -99 26 2 -1 38 -4 53 -96 -37 -75 25 2 -15 -83 -40 22 -24 -4 -51 62 -53 -11 -74 38 -94 
43 5 21 48 -55 -17 -6 95 68 -8 -11 -3 -89 -21 -33 -30 79 -22 -53 27 53 -97 -12 -79 -81 -46 34 -20 42 -4 78 31 -8 86 51 -25 -39 51 24 84 90 -91 40 -99 5 32 12 -80 81 72 -69 -3 -95 14 -7 -44 -82 66 27 29 -20 71 -49 -13 -47 -43 13 70 -82 -28 -69 -41 -52 -54 65 -24 -89 74 -29 -48 -89 -79 72 97 -75 19 -70 53 -70 36 20 -21 20 85 96 96 82 54 -66 22 
20 -72 -97 -4 -93 30 -76 82 -97 -85 52 -14 98 -73 -94 -12 -45 -85 -47 -83 -4 -62 -42 -62 47 41 -91 27 67 -61 32 -89 -35 64 3 -90 75 10 45 76 -66 -29 -41 -47 -54 20 -18 43 -32 22 -60 -39 -18 95 36 -89 64 67 20 -14 -4 25 -75 -53 -23 -14 90 -89 -95 -23 18 -40 -78 84 -70 -20 -89 62 67 -15 9 -16 14 -22 72 -79 56 60 -4 44 -30 -40 -73 -5 -76 30 -27 -95 -59 -33 
64 -82 -59 9 -24 26 -82 88 50 -23 3 -15 6 24 49 35 -55 97 52 25 79 37 -3 -40 -45 98 51 25 4 -69 -22 35 -59 -91 73 30 2 85 -81 10 -35 6 -99 -51 11 40 -79 2 -74 -70 7 -1 79 6 11 59 34 -25 82 -56 -43 -30 -9 -34 77 -15 95 69 82 45 -35 -45 67 -99 47 70 3 -69 23 57 77 80 -73 35 7 -62 4 68 48 -60 -95 45 -69 -68 -15 62 36 -56 43 -93 
-57 97 86 -13 5 89 -68 -37 -95 92 66 56 99 13 -37 49 -45 -10 13 -11 28 40 -69 51 33 96 -7 -38 -59 -47 -5 63 29 71 22 3 62 -75 78 9 -42 -66 -83 -78 -70 5 -59 -77 7 -51 47 -69 78 -68 -34 -22 -40 82 88 24 90 -72 -64 -34 -67 -3 69 48 -77 8 -95 -98 -19 -63 -54 17 85 97 -14 -35 1 51 54 24 -3 15 -67 -21 99 74 -10 -28 -76 -32 -33 -16 -66 5 -78 68 
-99 47 -91 67 -74 50 -54 0 0 -86 7 29 -21 -40 32 -76 -64 79 39 97 74 99 32 66 -40 23 47 33 22 9 15 -36 -20 67 75 39 87 -91 -53 -8 87 15 63 -18 65 -97 -34 -41 -30 85 77 -42 -52 60 -38 -83 -39 43 87 -27 31 -70 -9 -8 92 -58 26 45 21 99 32 -42 -29 -94 -98 99 8 28 -93 12 77 79 4 -4 -89 84 45 65 19 41 45 26 59 50 -44 34 98 -80 25 -28 
-32 -53 -13 -20 -96 -47 54 77 11 -66 82 -56 12 -99 34 -80 5 13 -35 -63 34 18 28 62 80 62 -68 32 43 48 -6 54 -93 -29 -79 -17 89 -93 -91 19 -21 -81 -11 22 48 -47 -4 67 -48 -10 -84 30 69 0 -51 39 -26 -22 99 -41 72 -52 13 50 -44 -52 79 99 -23 -16 -73 26 -58 -23 -93 -94 4 14 48 20 37 -99 29 60 94 -3 89 48 10 -69 -61 -37 22 -99 37 5 39 -68 -98 -23 
-45 -4 -61 -6 69 -36 -28 -18 46 -25 94 66 -37 -60 72 -13 19 84 -40 96 28 -75 -64 45 -64 10 27 99 -84 51 50 57 66 59 -89 20 21 0 -34 -20 15 -1 27 79 -49 99 -29 -27 -41 -7 -58 -15 12 -29 -52 -25 83 -2 56 -91 -4 -84 -16 89 79 93 95 28 28 -21 53 -4 -46 28 -1 -96 -34 -94 -15 72 -92 8 -97 60 -4 -77 12 27 36 -72 0 7 -11 25 29 30 2 94 -24 68 
8 -75 47 -71 87 -11 59 -76 71 -9 -82 87 58 3 -37 52 -74 -40 29 -17 -72 -25 99 -25 67 -16 -13 -7 -55 -39 -64 -55 -10 -91 2 83 -46 61 -29 -38 -57 94 59 53 28 -48 87 85 -49 73 26 -43 -5 66 49 -45 -80 -13 21 -48 51 -57 71 55 55 -56 -54 43 -10 97 88 -1 60 59 87 52 71 -79 -20 59 -19 -75 55 45 64 -4 -59 56 38 -40 86 -37 21 -77 -96 13 78 -74 78 61 
66 47 46 45 65 -51 16 98 -64 -2 83 94 46 48 -70 -58 3 -33 44 -87 24 -87 -37 -91 0 96 -86 3 67 65 84 -37 86 -48 -53 60 -15 -28 32 -25 56 -99 44 -35 -61 4 -25 31 -18 37 -40 53 -95 89 94 52 5 -97 -54 79 -76 -86 49 79 51 58 -99 5 -55 72 85 35 -13 -80 63 -3 -77 -36 -71 -50 -39 -56 -41 -89 19 41 -33 -10 -9 -12 -74 60 -47 -66 -61 25 65 49 35 4 
38 -9 34 -95 75 77 81 91 15 -58 66 -55 83 -18 40 56 -5 68 40 50 84 -35 -31 -85 -5 3 -83 96 6 -87 39 -38 29 -84 75 73 96 27 -46 98 -47 53 91 -86 -81 -52 19 45 -57 -50 -74 -80 84 -8 10 -44 -21 69 -19 59 50 83 54 -55 -69 83 29 85 -47 -15 -29 -6 77 97 -96 -14 86 96 -92 -3 59 -6 -13 97 68 95 92 47 -51 83 -53 13 -65 73 -72 -61 98 45 -95 72 
3 -15 -55 -30 -31 -96 -53 -59 -67 -1 -19 97 8 -23 -72 98 -87 -27 72 92 39 -28 34 -55 -60 39 44 5 -78 -8 -34 -83 56 72 94 -64 78 -6 -74 -21 -8 47 70 6 -80 -8 82 19 -66 -68 6 82 -86 30 -39 -62 57 51 81 -9 48 -55 -53 12 -78 93 -86 -71 51 13 -3 48 -98 13 -85 -16 0 -35 53 72 -35 -94 -64 -92 -45 92 -40 70 -12 -15 24 -40 -99 -20 78 26 -96 -34 -90 -61 
-66 23 -86 -89 -47 26 4 5 18 -79 24 5 0 -66 78 91 80 -44 -56 96 0 33 -46 -1 -50 -10 4 -24 -49 -28 -52 -29 -32 1 -64 30 76 -54 73 -4 59 -75 52 86 -14 60 -95 -82 85 -54 -12 -32 15 3 -24 23 94 77 -75 -32 -92 53 2 5 95 -18 51 -82 11 92 83 -31 49 44 55 79 -2 44 -16 -38 -16 21 -89 -37 39 95 -87 67 61 -64 -1 96 -83 -55 86 -60 -1 19 33 57 
-52 86 11 -52 -19 -40 -54 -62 -64 -1 24 0 38 64 29 -9 72 85 -88 -10 -14 26 5 -34 50 67 31 -56 66 -89 -68 43 12 -6 -77 32 48 84 -64 -16 -81 11 -17 -53 -68 42 -25 -83 -34 12 -53 -82 4 -75 95 43 -75 52 49 -96 62 -42 22 -52 -1 24 -85 -12 -1 57 41 -69 4 6 61 -95 -18 16 57 -75 -87 57 -82 -31 19 -27 11 -87 86 -38 67 -64 -94 42 -11 -8 8 90 40 -81 
-67 88 78 11 45 49 -97 -72 -31 94 -87 43 -81 37 -48 80 53 -21 4 -48 73 -7 37 -90 -75 -50 44 82 -79 85 -23 71 53 -95 59 1 31 83 -13 -11 -10 36 75 -25 34 -19 -20 56 -20 -72 -72 11 -92 42 -10 88 -59 56 51 8 88 -34 10 -40 19 87 -7 -99 14 -73 -35 71 25 -15 21 27 66 10 -10 92 15 99 -90 -85 -40 -72 89 74 72 -84 -95 27 -59 79 1 77 93 -91 -90 59 
-55 -17 -65 -85 -8 -41 -84 -77 -34 8 -48 12 48 -41 -78 95 -54 -7 -17 22 23 11 97 71 16 56 -57 -15 61 11 18 -38 -32 45 -68 59 -38 75 -64 86 -42 -43 32 -69 2 -7 -58 -32 -24 51 35 -14 63 82 34 -33 -56 -14 48 80 -27 50 40 -35 -11 50 88 25 -93 10 -31 -2 -42 13 -70 3 97 -14 -81 5 26 -47 1 -64 61 91 24 73 99 54 12 77 9 12 69 77 -87 16 94 -82 
7 1 -71 55 43 10 -55 -5 10 -40 -24 45 34 -79 87 62 36 58 24 51 -43 -96 7 48 -70 -44 -5 97 33 8 -17 56 -64 -3 6 -69 71 0 19 56 -90 52 65 -26 -67 43 52 -92 -45 -73 -41 9 -9 52 -11 8 75 82 74 -43 18 -60 68 99 -21 43 21 -58 -7 -83 11 -98 -17 -8 36 82 -93 -7 27 -12 34 33 -51 -79 59 7 -17 -16 -70 -22 88 74 -38 59 54 40 90 3 -54 50 
-54 -78 8 -59 15 3 21 75 34 73 -67 -25 17 70 -20 -80 -44 10 -12 2 -75 52 -52 -91 -10 -13 -54 -80 66 -64 -49 25 10 -73 -59 78 99 -88 -70 -34 -46 95 -72 -38 19 -9 -36 -84 93 57 6 -28 -16 13 -51 25 -58 9 62 43 60 63 -9 16 37 63 8 -35 -73 87 -47 18 93 -33 74 60 97 53 -99 38 -86 -71 -56 -78 -98 -52 -62 29 -46 -72 -33 -51 -40 -30 -74 60 7 -36 -74 -59 
65 -87 -17 -75 68 -61 18 30 -98 32 -36 82 -6 -33 35 -52 32 -19 69 66 84 38 -77 -20 -19 -22 8 -42 74 -93 -3 55 -10 -42 54 -48 52 37 91 -56 49 -86 -65 -3 -79 -93 -95 -15 57 -95 -6 -43 -35 -69 42 94 52 53 -85 -33 24 67 52 1 -54 -64 -34 45 85 -34 15 86 83 4 50 -72 6 12 65 20 -4 -39 28 -67 52 -67 -19 -81 3 -51 61 -82 -53 58 21 75 -37 -2 -66 47 
-58 50 12 -12 31 54 -69 -98 49 -25 -39 88 41 24 0 38 -33 -36 65 11 -12 -93 62 72 20 -75 12 -30 -30 -31 95 83 11 32 71 15 18 -6 -60 90 -67 49 -5 96 61 55 78 -41 -82 57 77 -24 -21 -18 -67 98 9 -34 -57 87 83 82 -49 41 -63 13 -1 79 23 -55 35 -71 -61 -28 97 63 -40 70 10 3 19 54 95 14 -20 92 41 36 88 -79 -47 -13 60 -76 -40 86 87 -69 50 87 
-43 50 31 -38 4 4 -25 -16 40 -99 -41 95 -20 42 42 55 -95 -39 46 -71 41 -96 -49 55 -84 77 55 62 91 -46 -63 74 2 -17 40 -91 85 -45 -72 -55 -54 -71 32 25 -19 -89 23 29 -76 75 88 -79 42 -74 -94 13 -8 -98 10 87 -35 86 65 85 -81 -89 -9 18 -82 -27 -64 -59 82 -12 99 88 67 -15 80 46 -43 -48 -84 36 -9 66 -62 40 -92 -5 -82 73 -39 21 -99 -11 56 87 -95 -94 
-82 90 -78 -11 -6 -46 23 38 -75 46 6 13 -7 74 27 -72 -17 -34 11 38 -24 -82 -27 97 -35 48 35 -91 -91 -51 95 -70 -5 -34 19 -66 -82 10 -79 68 73 -92 -73 38 -47 16 17 -86 16 85 90 -20 -88 -21 -40 53 -68 -56 -49 -37 1 63 -37 -79 53 23 -28 -15 -5 11 -75 -63 94 32 -88 46 46 -51 -65 34 9 67 43 -68 51 9 -6 66 -87 13 30 -75 -99 86 13 86 -60 -58 -53 70 
-11 47 11 61 40 74 -44 -10 -15 -7 24 -43 -5 -64 30 64 0 73 71 -76 -82 71 -5 -61 -65 53 48 -6 -49 -11 43 53 2 -9 -94 62 -66 -45 -71 97 -32 -99 43 17 -55 52 -39 82 2 -56 -11 -24 5 -61 21 -28 -17 -29 -68 -56 -67 -56 -31 -38 67 99 37 -26 25 -49 -76 -81 -69 -61 -67 -76 -38 41 94 -44 -79 -43 61 -14 75 -71 73 27 54 -37 -15 44 18 -75 81 74 -43 2 14 -16 
-94 -97 90 -28 24 -43 -7 -88 15 -12 49 73 -76 78 -37 -11 -69 24 86 -96 -88 -43 -51 -15 -2 37 -62 -69 -36 -6 67 72 36 -43 41 57 -68 -43 58 -9 75 -75 88 -25 86 -52 4 -64 -88 59 66 -57 -33 -97 71 -31 -41 -96 73 -78 -78 -65 13 -92 -25 -34 9 -51 96 -27 -17 -88 7 -39 -63 -73 58 -79 28 -62 -5 -94 -24 -86 6 38 -66 -86 57 69 87 -32 -7 70 -32 -45 11 11 -6 2 
32 86 -54 94 4 43 -30 85 58 -2 -87 -48 5 63 -9 -44 73 95 -28 -87 71 -38 -56 -12 14 -73 27 13 69 -72 13 -33 22 -20 -96 80 -99 -58 -31 37 88 -94 16 -67 -70 -53 -65 58 54 -23 1 4 -33 82 -21 2 90 -85 38 -1 37 -10 -46 -93 26 62 92 61 -92 10 -43 86 -38 96 -53 -59 86 -65 -10 -45 -42 54 -83 -45 25 0 12 -73 23 -32 75 29 93 13 39 -52 -80 -42 -56 95 
57 84 19 95 60 18 53 -51 58 -44 -41 -40 76 -69 57 -13 38 0 -36 -17 -87 75 89 74 14 -10 48 21 19 52 88 -70 78 -90 -41 -68 15 58 -93 -18 -50 -84 -69 38 -73 -12 21 -3 -9 42 -20 -4 70 67 -99 78 -38 -62 72 40 48 -73 -2 -65 -38 47 -20 95 -28 60 4 -18 -99 17 75 11 -45 -77 -96 -27 -82 37 66 -8 -53 -65 50 -19 23 4 -95 -8 36 86 -7 -46 -32 85 68 -28 
-59 56 83 29 -48 62 -61 39 37 -99 11 -13 99 47 -73 -65 -17 -60 -14 -32 -12 58 91 70 4 -65 -26 65 -15 10 95 -90 45 -71 80 -99 -92 31 73 23 48 38 78 72 9 -78 18 93 88 -13 -70 -17 27 96 -78 -11 22 28 6 17 -86 28 41 -21 69 39 81 10 88 -61 -53 -99 35 81 -92 49 -76 51 -97 31 93 -26 -78 24 19 43 31 -5 -1 73 62 41 -90 47 -90 -94 37 48 9 -81 
-75 54 -56 58 -48 -64 21 -39 27 77 -74 -57 35 -32 13 97 -13 55 90 -47 -61 67 37 -71 -1 -46 -5 -79 -4 29 85 4 61 -42 -10 96 90 -34 -12 -57 7 -57 60 72 -9 13 -68 -70 44 9 17 -81 97 -21 51 -37 90 50 -28 89 95 88 7 -19 38 34 60 -73 -75 -73 -31 38 94 -44 0 -74 -6 -62 92 91 47 -57 64 3 99 5 -69 -15 -70 -79 -23 -12 -50 -13 -2 -9 -80 -21 69 50 
-84 -73 -49 -70 -67 12 88 81 86 -1 37 88 -69 58 62 -15 -64 88 82 54 -13 -95 -72 -46 -72 -12 -3 -42 88 75 96 12 -5 -44 66 21 -12 -65 77 9 19 25 -31 14 86 49 -19 -68 14 -42 -88 13 84 -54 -10 94 -64 24 50 77 -48 -38 -92 5 -7 -79 -45 17 -12 -73 -61 38 45 39 31 -34 49 60 24 -25 -66 -93 -84 24 -44 43 -33 -50 90 -30 85 70 20 16 -2 6 -90 -60 20 -40 
31 -46 -61 60 -86 8 -88 78 49 -74 18 -67 -6 -54 49 -90 -74 -42 26 -23 18 -76 62 78 -64 12 -86 -91 -86 -98 -74 64 44 31 97 -92 3 64 4 72 -53 -94 -81 9 41 2 -90 5 88 81 5 44 59 94 -29 -75 42 90 26 -73 23 94 16 -76 -16 21 8 11 -41 -99 -92 17 -73 28 -70 93 60 24 -85 -53 -6 -38 -52 -99 15 89 -24 -25 -88 -30 -51 -56 53 3 77 61 88 30 -87 78 
-90 -5 53 78 0 29 7 19 -1 -28 38 -47 -51 -41 -75 -61 -42 61 -6 -91 -4 -37 19 60 -51 51 23 13 -39 79 98 78 31 -72 69 46 -5 20 64 6 -88 50 -54 -55 21 -19 0 -61 -83 15 7 47 -22 -56 -63 99 7 59 83 14 78 44 -30 -16 7 33 15 -97 19 22 95 -76 -28 -82 20 -39 -32 -77 -52 29 -85 19 22 96 -37 50 81 40 -99 60 -94 -87 -8 58 10 73 -7 -96 63 -93 
86 -23 -5 -44 46 -53 -80 -82 58 82 36 65 88 64 3 -64 -17 35 11 -69 -24 -68 -60 -40 -82 25 -35 -57 -63 23 34 -69 40 -94 85 -54 92 -30 15 39 -90 53 74 38 48 -7 -98 55 -64 99 56 -33 71 24 -92 58 -80 22 14 31 -62 10 -98 26 -14 40 -96 15 72 -35 -62 87 -84 94 1 -27 -44 82 47 -60 -92 -74 47 78 -6 49 59 40 -67 -93 -38 -3 41 34 -43 -1 74 -60 -29 -39 
97 11 88 83 -64 61 -83 49 -12 -46 55 82 72 -55 80 -89 25 -65 -62 2 -20 61 78 98 -92 57 24 93 -69 -81 3 76 -85 81 -51 -65 -8 -91 -2 49 -36 -15 74 -10 -37 -28 -57 58 -22 -88 27 74 -4 70 -51 -64 -54 -46 72 97 88 82 -67 -78 -37 -31 44 43 32 -43 -89 6 -72 34 -97 95 -39 43 -64 73 63 -27 9 -31 -3 25 -5 20 -33 -48 -35 69 34 43 39 25 -23 -38 -87 3 
-63 -60 7 86 11 -81 -75 -23 -11 94 -7 -31 29 49 88 58 9 -22 -30 -10 19 65 -9 87 14 9 72 -59 73 -55 -78 -48 99 5 61 49 -35 56 -71 -92 40 43 49 28 -94 80 -75 30 -58 -90 -61 -46 23 -49 36 -71 62 -39 -78 -49 -73 98 98 29 88 45 27 28 -66 -91 -15 16 -80 -88 3 -8 -98 -92 7 45 52 -56 -47 89 -77 -64 80 68 39 -69 94 -77 88 66 84 -84 8 -94 31 61 
-74 57 -59 66 13 84 -45 27 -71 15 58 65 26 1 -35 -16 64 53 39 25 -91 54 0 78 89 -56 43 33 -99 -2 33 97 27 15 -8 -20 -48 24 -63 70 66 63 4 40 74 91 -56 7 -81 -57 17 -41 31 -44 84 27 -8 -69 -56 32 46 60 -23 -67 3 -47 72 65 -1 33 -29 3 -62 -38 97 64 52 -76 97 -96 -36 37 -11 85 -74 -3 -6 -50 54 57 -44 23 96 95 52 -56 47 -16 -25 18 
-20 20 79 -5 71 25 -78 -66 12 38 -95 29 51 50 -23 61 -91 -19 57 64 85 -52 72 -89 -23 -55 64 -56 23 73 -47 67 38 -85 59 62 -37 57 21 -10 -32 -69 -34 84 -38 69 -99 32 -39 27 -28 3 -11 60 -35 -88 76 30 -42 -90 -23 6 -74 -95 -26 81 -10 -73 67 6 -13 99 86 93 -59 31 -32 -33 -11 2 -37 -58 -40 -79 -40 -76 -77 -55 -90 -50 59 -80 99 12 -58 -10 -41 5 -49 30 
-41 61 -72 -37 -4 24 52 58 22 72 -7 34 57 -29 -83 -41 -32 -27 -60 -82 -88 -69 10 -84 24 -32 -57 89 62 -96 -66 -57 -50 69 36 -56 43 -76 -22 84 2 90 -47 -56 63 84 12 -14 -48 -47 -66 99 80 89 -29 83 -56 -21 3 -51 18 -32 -26 3 61 60 -31 -68 93 43 -54 -1 61 13 12 -11 86 65 95 81 24 -79 -34 -67 -96 -12 47 -12 -49 67 -39 44 70 -98 -16 -44 50 -18 -87 34 
12 -47 37 -92 -42 11 88 48 -24 -7 77 -36 36 -53 -42 4 63 25 0 -26 -37 14 39 -96 -94 -78 15 15 17 -50 -2 29 -64 44 -77 38 24 -21 11 -86 -75 9 -76 -90 7 38 -14 68 86 84 34 24 -86 34 66 6 31 -64 -94 12 -55 -50 57 -67 -78 -19 19 -3 15 89 35 -7 69 47 -13 -99 41 -59 -23 62 -56 84 78 -82 -86 -81 -36 40 -96 38 -36 -44 -13 -78 3 4 79 -71 29 52 
28 -93 93 22 32 -99 -16 34 -61 61 3 81 -80 -83 44 -49 -25 -24 24 -47 74 -65 -9 26 -31 53 29 58 68 42 66 53 -82 75 89 31 30 79 16 -84 70 25 4 45 -25 -65 -30 -77 -79 -70 8 -72 57 -33 86 24 52 73 55 -85 -25 24 -21 -84 -90 25 -34 -34 84 -90 20 81 66 -59 -99 -88 72 20 68 -80 -71 14 -55 18 -70 -47 -40 -83 -70 -71 53 93 -58 -20 47 85 94 87 69 22 
59 -68 -13 49 99 -53 64 28 1 -68 -72 32 -76 -1 -96 -49 71 28 -57 -31 7 18 23 5 51 -16 27 -82 90 -84 30 71 -5 91 -11 -5 74 -18 -75 -2 -72 22 17 58 -36 -57 34 24 63 43 37 -42 63 40 63 94 -43 -11 30 8 -24 70 58 -79 -81 -32 26 -43 10 43 78 -18 45 -71 -34 -89 6 50 -39 78 -21 61 71 75 13 40 26 0 -42 13 -66 84 -91 24 -52 89 -64 47 45 36 
-6 -75 -83 25 59 -8 75 -52 62 22 -75 -3 -8 37 -88 -65 -17 -96 56 -9 89 -79 -52 43 87 -29 46 -26 64 42 -72 -27 63 -31 -75 7 97 -63 -43 -1 63 -62 56 -58 -23 59 -48 16 66 49 -20 88 -80 -78 -98 -47 -41 59 46 -45 75 -66 -60 -23 -58 -17 -42 -32 54 -91 67 -30 37 62 95 48 -51 51 -27 11 -38 94 32 -90 10 93 -35 -40 -15 -8 -54 -14 -45 18 -13 -84 65 -3 40 76 
64 -47 -66 -56 -28 -20 -58 16 5 52 -90 -56 53 55 71 82 50 62 77 38 46 -9 33 -94 -46 80 27 -81 0 -52 -48 63 7 -98 44 84 -78 92 53 55 -19 -88 70 95 54 51 73 -81 -67 -90 64 -90 -65 -46 43 32 -5 -30 3 -92 20 -78 -15 -81 -19 16 -47 -21 -88 24 -28 -98 -60 6 59 99 -89 -10 -56 -92 -16 37 19 17 9 41 -93 -25 -82 -77 53 -20 95 86 -51 22 -67 -32 -13 -28 
55 -24 -66 -34 16 -43 49 -11 46 20 -22 31 82 30 82 -79 7 -44 -40 -58 -22 52 -70 -27 -35 -7 -44 -79 37 -99 8 -22 -77 37 37 -18 -66 -66 82 87 -87 81 18 27 56 -14 -31 -81 87 19 -70 -68 85 -81 24 -46 67 -41 83 -4 63 -30 -43 54 -39 -69 -7 35 5 -97 13 63 -2 -10 -69 -1 67 0 -15 -65 36 -15 78 -36 5 41 80 -71 -85 -37 77 -40 -59 -20 74 -33 -57 78 39 -31 
50 -3 41 -75 -52 84 -41 39 34 1 -51 -23 83 85 35 42 -25 33 -78 -36 -62 -97 37 95 57 60 20 27 -61 28 76 -32 15 52 59 14 -55 -11 9 -7 -62 17 -45 -77 -73 24 -13 42 -11 73 -21 -44 45 -27 64 9 -54 -84 26 -32 -94 -87 57 -81 -8 77 -70 52 -20 18 81 18 -63 -46 -58 -87 -92 -88 17 -73 -93 -3 16 -10 -98 18 19 84 39 -42 -34 15 -60 -39 -38 -27 83 47 72 96 
93 65 65 -9 89 -35 -2 64 38 -29 -3 -78 32 -60 -22 82 -67 51 61 -52 -37 -69 74 13 -16 -25 -35 -80 69 14 -59 84 26 -87 -65 26 -56 -58 -58 -5 37 -65 -73 -2 36 -9 -39 -6 -10 -41 2 -31 -47 68 -76 99 66 -40 -88 -75 5 -48 -15 74 62 0 -36 -27 -29 72 -58 -54 -38 -57 34 -71 11 87 -31 -89 29 -25 -74 79 -1 -14 46 44 -21 39 -74 73 -71 -12 -34 -54 7 -5 48 75 
-43 -54 24 -84 98 -82 -7 67 -86 93 49 11 29 38 -8 -76 -61 -62 -52 -58 51 -58 92 -48 -68 1 65 -33 -99 -46 71 50 -38 49 30 31 94 -45 50 -27 -91 7 -18 -20 45 65 92 10 80 -78 -3 48 83 52 83 12 -61 -48 -81 31 -56 -94 -77 -72 85 29 -14 13 47 85 5 -5 -31 -90 29 21 -86 -26 -72 21 93 40 -45 -81 -21 39 -32 37 -89 -20 -28 -42 13 66 83 42 41 42 -67 -43 
-74 25 -96 -22 -97 -87 -34 -26 73 26 -40 74 42 93 27 69 -5 24 -8 15 90 91 -34 -68 -3 69 -57 84 29 -35 -77 34 69 -40 -80 12 63 -79 -1 47 -76 35 48 -23 -47 10 8 25 7 16 53 90 -98 -3 30 72 -39 95 -51 52 -18 39 82 -20 16 -58 -11 70 9 22 47 -43 -88 69 -82 94 88 -54 18 3 -43 58 79 47 -31 -78 17 -39 24 -58 22 86 65 -48 71 92 -72 -50 30 9 
97 -90 -68 51 53 -89 -98 20 86 -75 -29 97 62 -4 28 -37 -67 -8 -9 -25 -92 -28 -85 56 -5 22 2 77 88 -40 -5 -52 48 -51 49 -26 45 98 99 70 -72 41 23 -95 -21 6 12 65 72 73 -9 -39 -6 10 64 -81 45 29 -64 -97 -34 65 71 39 12 97 -22 5 -72 52 15 -64 -99 -15 85 -36 -34 -76 -59 -2 76 77 -40 -29 -65 38 -3 -5 -1 15 -65 39 26 -37 -46 -32 13 52 98 34 
49 -19 50 -85 54 68 41 69 -68 43 3 20 -88 33 58 9 -19 -14 23 -64 86 -54 -61 -82 61 -29 -25 75 76 -95 56 9 -47 -70 73 -66 70 86 34 76 -23 -39 -60 36 -4 46 24 49 81 76 61 -19 -12 91 72 89 46 52 10 11 -48 10 -31 25 -74 -50 -33 49 39 37 -47 -10 3 -69 25 82 14 -88 15 -96 26 25 -44 -75 67 36 85 4 -92 -37 -79 11 42 -83 -67 -27 18 -81 -65 5 
-73 54 -1 -19 -75 13 24 -62 -76 -14 -47 -93 18 98 71 -14 49 41 -62 96 72 94 81 74 -98 30 70 79 31 -85 10 -66 -84 -39 52 84 -11 -66 -76 23 39 -58 -53 -74 -87 62 -12 71 -83 27 -40 51 -22 -3 -2 -71 58 45 78 93 -22 28 -11 23 -84 -88 76 81 -25 -43 28 -30 67 74 -48 -22 53 57 -10 -85 -84 -54 72 -47 39 -80 -66 69 -48 0 4 -74 -32 65 97 37 -52 60 -82 -27 
59 45 -64 -23 -60 1 37 86 -58 8 -7 -65 -56 39 83 44 51 3 -58 54 -80 -94 64 -80 55 4 19 -33 12 -46 -19 7 35 -72 -75 76 -27 -60 97 -88 98 91 -69 -23 -56 24 30 -42 -50 -31 -82 75 7 -25 36 56 -74 -64 16 -93 88 -46 -54 85 -66 -12 11 -62 -57 72 45 -96 -43 73 -97 -18 -40 77 13 -38 94 37 78 38 65 25 99 -95 -46 24 23 49 -38 -32 21 -99 95 74 29 -69 
