43974 -7565 21787 -23666 -54535 -33282 -22304 -33834 14184 6305 -3881 -58652 21266 12835 -17165 27295 -5936 -18159 763 25573 38189 -3707 14889 -4038 -16841 -3086 12729 28741 46665 -40944 7428 350 -20462 18207 -19035 17416 29137 10262 -16392 -7971 -39664 8586 -11843 -7726 -4533 -16586 -38948 -23805 -37839 -4680 
12159 -3050 -32449 -21601 -14481 -24323 43173 17491 -12429 -25373 -4689 13012 -6012 35050 -28585 15353 -874 -7203 -10715 14189 17434 15870 16610 -50242 22308 23930 9000 -11870 -379 1530 -15256 -18649 33403 6295 260 24305 -5747 57534 -15857 43626 -6626 8466 -15377 3113 -853 8903 42427 9999 -12914 -50769 
44015 17302 8335 -3678 -34992 -15355 14363 -35012 41102 -16033 -30387 -22693 -42196 8486 -18128 -21025 21820 26536 50353 8582 22401 54139 25617 -14470 -11417 -16927 -32177 -19455 51984 -8597 -51986 -43791 41193 27082 -32015 9541 4154 -13703 -1108 6318 2626 -9132 9934 11306 -32659 -14507 -66208 -7893 -45748 16001 
-2671 29217 -2720 -724 -7517 17405 -7773 -14126 3742 -8517 -9240 -934 -43170 3945 25962 19797 -44294 -18396 9855 -23606 17925 53942 657 -13107 8999 59394 967 3929 -905 -27902 28976 -23303 -46672 -19617 10241 -6359 1922 -1675 39116 21331 8640 10633 10350 2313 20751 -50902 -8912 7258 -29493 -12539 
41406 37350 -10849 25685 19123 29534 18282 -31015 -21401 -5187 -6474 28827 3002 -32677 32030 14131 4686 -8432 27662 -20 -34476 26720 -19746 10814 -8236 14377 6284 5325 -36145 30016 20473 40879 -9518 -4286 3936 -2274 -33655 -20541 3029 -2456 8747 4894 -11590 -2814 26265 -25742 -25365 -18041 -592 10886 
-16053 -7408 20554 -18018 -21569 -24241 8883 19803 46769 -15394 -31772 -3426 -19842 15209 -18198 -20717 -26994 30455 -9615 -6329 19397 -22193 -13634 -43281 -33702 -27277 -22400 -46068 18461 -7141 -23760 -28773 18653 -1911 -4203 11129 -20443 30696 15098 28924 -15526 19599 12252 37187 19059 20855 -1804 15986 28168 -14605 
-5147 -10650 6595 -15748 -3749 5956 -4900 7633 -3355 8838 -8193 -32574 -8094 6897 44180 -8106 30963 -11493 8107 -10920 50256 -3818 -10248 -36441 -39479 -13951 36917 25201 21716 -27022 -3343 -22930 -26532 -2867 17973 12533 -19670 -13348 -15311 -20597 25550 16910 34279 -10244 -32169 12156 17360 -26836 -27769 -14714 
-25945 -5332 25853 -1152 10107 -25161 18893 31442 -10863 27427 -8257 24032 18966 8138 -54 28510 24369 -16316 24931 -17466 11050 -9664 3008 -38164 -29405 -4481 13091 12273 -21913 -1158 -16563 -2819 22816 -38695 -19937 9336 -31552 -16328 -29592 -5851 33648 -4284 -13368 -26882 -24212 -19960 32758 -23329 -17291 -28828 
-4131 25068 11071 -33595 -17975 -5118 -19074 -20967 -4829 34790 -8891 22858 14582 -18488 -33681 -32448 -23716 50591 -53955 -20653 -23722 -5188 -44482 40946 -15692 -53773 8526 -7101 14873 -4567 -1335 11512 6051 -35809 -10027 3284 -21802 -20279 9073 -60616 38265 37018 9819 -15780 -14508 -10243 -12540 25520 -2786 18786 
41217 -11139 -7199 24318 27013 -8664 22794 -8986 9980 617 12480 22179 -7794 -12062 -2765 -28310 6774 -6449 -26565 7799 6865 2588 -14433 30074 16610 -5888 19824 -1277 -30341 28803 -9729 50403 -8890 25046 10261 2028 1781 -1838 -28728 34475 -5377 3903 -7336 10116 33434 20137 18148 8913 38656 -21070 
-14693 -10043 4817 -5836 -15439 -3893 7734 17781 -3677 2580 -13133 -23169 55549 543 -30952 13442 -9296 -14098 -37231 4286 -6670 -7043 -64220 39084 -16008 28640 -35306 -31062 8236 -3073 -23486 28871 -24983 54376 -12275 18683 24762 -41317 -33346 -19158 26686 -9096 -17473 -4229 14897 -9675 8610 -45021 -1411 17012 
-53554 -23019 5695 -10667 47598 13343 -9340 44473 16947 11736 1204 -9099 8329 -8126 4025 -18804 31643 1097 -15084 -4751 -6169 1284 18043 25363 20850 20265 -22479 2344 -4513 -16147 -4395 -31622 -7955 -31186 20164 12192 10111 26764 -555 6870 8451 -8163 39205 -5926 5304 6090 16565 33655 32040 -1935 
-15489 -35025 41240 -32835 17639 -7593 10398 38096 74041 2982 -6977 -20034 -25681 20611 -26550 -33963 -131 6470 33575 -15123 10389 28715 -38614 -17613 17960 -27732 -2376 -6413 9008 2996 -42000 -15521 4314 17821 9146 2655 -32263 16245 -1619 13660 9411 42928 -2689 53616 2988 -2512 16756 2378 -14706 -48296 
9565 -544 -4743 -56955 -4678 -33027 -3948 -17420 -26402 40303 -17542 27370 3214 30880 2871 5893 3580 7835 -41692 -141 -31052 -9942 -57013 -3689 -7542 4208 16481 -675 19042 9139 -6297 4297 -5317 22733 -13379 24930 -52709 -20193 -38276 -33438 27083 25648 39076 3047 26894 -13469 35249 -15795 -19540 -24594 
-2343 38255 15860 48615 27669 16114 -21743 -18650 2791 -28252 -13697 6557 -46489 -18829 -9464 -5586 -54278 17803 24473 -22260 -10318 483 8252 -48814 39655 39317 -21022 23215 25177 -31940 -35800 -2787 -6783 8946 2730 -31591 -14876 -4596 -22573 21659 -12176 6881 -7771 27813 25918 -22342 25475 -14539 27991 25746 
6865 35675 -26251 8180 -4807 39223 3204 -20748 -10714 -15513 28410 20322 -75471 -9174 38576 9290 48845 16022 23317 12701 -4254 -24363 31860 11768 -12839 -9723 225 32747 16686 50103 -6061 -41870 -5702 -5257 35879 -9973 22140 -62644 17233 -15556 2472 -5319 27923 -3656 -9097 23216 -33561 26942 11973 1408 
1230 -7629 19875 24482 -25782 -16288 -15348 -7851 -52461 65896 2172 -1677 58903 -11201 -19404 5935 -12486 -2223 -46707 -2766 -15452 27665 -42898 36002 596 2138 -31324 -18888 34161 2477 -16863 57814 16398 -10053 -42732 36017 5352 -29909 -24685 -26231 8365 -142 19868 -5210 31530 5530 8311 -23977 33609 18984 
14520 -3896 29218 14290 -51657 -3210 49167 -22741 -21404 26604 4212 -40688 -19355 24042 21778 2282 -71890 -23033 889 -13711 12940 37718 3273 -33768 18036 -5882 4523 15612 14099 12221 -9913 1205 11006 47345 6085 16234 955 -37723 -11367 -22587 11952 -2214 8592 32189 -25104 -14090 8599 -37569 27704 -1805 
14132 28537 2596 -28465 269 40574 25178 12873 2323 8637 1544 27380 -15152 -16275 -11593 22820 42983 -16664 47805 -32920 -3783 57861 20379 7249 5043 -9503 2681 2352 6509 15465 44149 21080 -23961 34418 -3940 9222 4597 -29990 -23563 -2864 4822 9730 18087 10007 -15619 -4303 4575 -7575 16709 526 
25904 -5162 29315 8591 2996 -31000 -17952 20241 -35513 31621 -36029 24856 18030 -3507 5039 7348 30975 -15286 27579 2444 21187 -13446 -16920 26820 -14165 -1492 -39093 -28361 22208 59950 -8579 17896 14757 50500 -40038 31132 3106 -52438 -16729 -12448 -1069 -34638 -13283 -13005 7721 27081 -41354 -26931 -15115 27525 
53494 11924 -19258 -16470 -20401 -49879 -13784 -611 -6047 22622 16850 32356 8134 23978 -25657 -8206 132 22702 1572 14091 -16438 34000 67432 -29170 -17961 34319 -2386 7994 13453 4578 3990 5761 -10281 4144 670 -26643 23834 -32581 -2367 -25750 22325 -19447 12813 3894 287 28926 2780 23027 5945 24333 
-45410 -10545 17143 8266 9267 -40766 -7550 28728 -12735 25875 -6321 8833 -20434 -32233 5976 -9039 32346 -5973 3063 -9067 21209 -19816 4606 -22551 21245 -8257 9520 -22508 -22198 5169 35681 1573 8798 29702 -29456 39051 -32982 -24164 36127 -78 -13492 27566 64113 -17380 56873 23158 -10296 26940 15193 -6363 
-16140 -34356 -13316 5819 5497 11910 -7202 42251 5656 16770 4496 -18108 2169 15586 -42845 5311 -69790 42384 5949 -49564 -30527 48214 52541 23626 -12323 13374 20760 -830 -4683 -43461 -31991 -44357 24138 -47301 28722 -61391 42310 38240 50677 21439 -20026 20136 4896 43968 18164 -30239 12495 46920 -3181 -599 
12967 -8448 -7783 -7021 9371 6234 9384 19258 -1781 -21001 46164 -37734 -5066 25315 58 690 948 1017 22212 28316 23215 14321 59644 7028 16957 18493 11044 49061 -14475 -33346 16542 2540 6137 -4032 3925 -26494 19210 15001 14050 -7915 6400 -14098 -5008 -751 -523 2139 -13235 42276 -5318 -12979 
-9028 -44913 8923 -5285 -36022 -15328 -12709 -11404 -26614 8868 732 -372 44068 20969 -11032 -30877 25433 -2093 1418 -1196 46266 -22334 -30769 18403 -30766 -84157 -843 -31906 13310 2217 -4939 9887 23208 20147 -37443 22765 -1962 -297 33300 -6086 11094 -15929 21800 -36770 -14099 66676 -37015 5292 -23552 -8204 
-21615 8078 -6586 -12321 -8467 -906 8681 28898 -12545 10460 -11142 -51980 -2681 17829 -9666 27761 -19308 6386 -64005 -7769 16024 -21925 3657 -23886 4053 23651 4227 5877 3279 -63917 -3582 -268 38 -15443 -8965 1521 -9158 4666 -14804 -20003 29672 24270 9434 -28439 -18973 -34658 43541 11395 19022 7341 
2689 15265 17168 17945 -32675 41711 18515 -37662 -15480 1888 3482 -16016 -7568 7150 51710 -40045 15223 15520 -11361 9946 -13642 37721 -8119 30542 -18702 -22480 -11085 14918 20841 -29599 -31660 -11014 25713 -54273 -37500 -14924 -2392 -5799 -2741 5928 30751 -723 10766 324 -40334 11339 7164 -21825 -30016 36466 
-5053 -18420 22161 -19540 20276 -11714 5683 -350 -13225 6674 -21833 43399 -15092 12668 63322 -29345 32684 -24094 39195 -12853 -12327 -30673 -44846 -12949 6830 -30186 35600 -3776 -773 14178 11069 -24007 18799 -8473 -7905 7661 -43337 21211 -1061 -25825 2709 28366 13708 18627 -22600 -1860 -1041 -23133 -9578 3379 
3512 -1938 -26347 -25716 16102 20361 11972 10960 6509 17063 -2148 -21153 -8875 36 -45850 40547 51305 -20211 -5687 -4301 19259 11902 11103 51212 -54162 -21198 -23782 -3162 -1985 224 -4823 -19578 -1650 -14026 -11148 4594 34447 -2933 -32308 7486 26215 -12919 -2535 -14182 14193 -22345 16627 11532 -14775 -25391 
-21864 13620 -16172 24310 -12650 57232 27820 21415 5652 9213 -14104 -23331 -35362 6434 29069 -16477 -32966 -14272 -2019 -27722 -12361 26292 17114 -16393 37185 34380 19270 16788 -13163 -4284 12125 -22363 22832 -37571 33894 -7482 -2663 29905 44497 4324 -61683 -12580 21558 36520 3002 -16057 19719 4407 18596 5943 
-46156 -16959 44286 -8024 -18763 19821 33692 -27997 -17723 -21040 -19133 3682 16433 36411 4015 37067 20894 -6133 -17285 -69984 -33802 -16050 12082 2906 -36121 -3049 5475 4593 -33174 16629 -10287 1138 30006 1984 -5603 22230 -2951 28567 -36937 17817 -19384 -24768 799 -8293 16006 -5171 38776 -23037 36630 -40634 
-41016 -25774 -13593 -8983 20154 39246 570 24519 599 28401 606 -19184 18865 5843 -7413 42904 -37864 -36184 -53128 -36098 8915 -26761 -36485 33330 -13549 36283 19492 6914 -18100 23134 16268 -15666 -14796 -1447 8746 -16806 6433 -29415 1853 -10965 10512 1085 -25060 16206 5098 -36034 15874 11718 10689 -18663 
-11489 -42392 9808 -25499 35599 15927 -15386 26887 -34857 -32326 8517 31096 15519 3134 -21129 -2939 16491 -5850 3444 -22850 -14400 -10411 -10208 16008 5231 8555 14668 -8777 -12699 20486 -11737 -8867 -20870 9934 -6668 6887 13388 12199 8113 21097 32873 9945 -50018 -2661 -414 24730 32427 -20944 219 -14419 
-50548 13468 -25605 -24474 -30275 8866 16837 16246 31243 -3239 -34348 -19467 5338 9902 -7513 -2017 -17989 -27435 28818 -8938 38249 16609 18366 -11350 14202 19791 24762 23582 2200 -16840 36510 6023 -14088 30574 13745 24263 27596 24374 18865 12107 -25818 16829 4518 2839 11566 1921 -4505 18754 9390 -30985 
38348 -30800 -1762 -7380 12292 -19545 -23051 14922 17220 1297 -13352 -12924 -10811 2232 -27336 150 -16394 -5033 -5736 34438 13065 23175 -6301 -10861 -23889 -29878 -6823 -10108 6429 -31717 -8400 -2760 16874 -42281 262 -22491 -27682 21259 -11443 26302 7133 13249 -25921 25144 4512 -17638 18469 2124 -27501 4000 
38431 -5772 -916 -32507 -2057 -17524 -1911 -4232 -9441 -11504 2911 5617 -6081 -1729 -5203 18446 -6219 -7420 -35400 22754 21385 -14304 12940 -2003 -14018 -7294 -8239 -27316 10036 23841 45260 9535 17288 19664 -15915 -5734 31520 -31345 -725 -9832 1863 6173 -5260 -2761 11138 36016 9865 13280 35325 14041 
2972 -12342 -12780 -26944 -172 -21893 824 2125 -22514 -33331 43968 -1038 19050 -18305 -14535 732 -16951 -27080 -35854 42358 21881 -27123 5068 -30561 30393 -28683 -24878 18641 10901 9434 17697 -8434 -17021 15040 -1581 -6589 -11441 -2195 990 -11724 13885 20070 -23256 -61254 -38442 27372 -2646 -2431 10127 -5936 
-9794 15557 -25732 1683 -17169 38673 5861 13142 13096 15044 -73286 -18926 36390 -11940 -16005 15051 23693 -3800 2866 -13818 -14287 31898 -45378 19767 -28322 6381 -4229 -49507 2489 -24922 -21490 67004 -2693 -195 -17961 16032 24356 10459 -7277 8563 376 -25078 496 -31852 -17358 -24958 76045 -71417 -23538 20620 
28496 -34632 40901 -44739 10664 -21773 -13119 19799 -7920 55044 -23006 -1927 40549 9831 2758 24778 -41093 -33294 31499 -22600 -18546 -4074 -1279 -33963 4385 -26275 32844 7171 23444 24355 -13938 35669 -26164 5305 -21122 -15309 -12452 17831 -35374 -320 -14711 4700 27301 26307 -3234 9128 56399 -44166 15126 -40266 
-30734 -15715 17935 10228 -8846 1052 -17095 21540 -26176 6572 -14067 -48172 -57430 -815 -970 -27680 -13855 -515 -31014 -26914 59755 456 -22635 5764 18632 -5009 10656 -42245 15973 -30824 40960 -23226 -33159 -464 -16552 40917 -12739 20529 11987 -17951 13977 22315 5573 10861 25939 -8039 -13507 -6059 -31376 -15011 
-5533 -13626 26560 -49795 9699 5429 -41559 -26482 -35842 17755 7335 -39390 80869 2324 -18501 17148 46778 -9443 -34964 30679 -3547 -19637 -9044 31621 -16477 -13826 6484 30116 16807 -4147 43740 60293 19709 29712 -14304 25999 3509 -6575 -3657 -47483 -29338 -22315 -2979 -20772 -16204 21026 34648 -19751 16003 19749 
-1659 -1674 -7258 20293 9159 -4701 -9928 11921 8475 -4453 -849 19894 -41286 -3638 37275 -4126 -49835 -27665 32092 23270 -7970 15120 -15727 -1721 15000 26426 -13688 30489 3766 29093 -39542 2306 2446 -27588 22033 -33646 -23693 -7949 -15061 23941 15462 14965 -38606 26284 9658 -42772 26282 -5076 -28871 -46581 
3252 12399 14513 13219 3245 2166 -12863 -18022 -13865 -8189 33207 26642 25102 -31534 -44310 -7932 -28419 28226 31353 15411 -36724 -7584 32172 9988 1246 -12147 -32389 -3871 8544 -3887 -24774 -46255 19857 9755 -21040 -15859 10139 -15495 44236 7833 29279 -3608 -24933 -7770 -34482 -4039 -52291 29722 9535 28237 
9712 19807 14241 17423 -21162 31194 25818 24141 -42821 -1609 5421 -12051 -33314 -11525 -385 9647 24109 -2359 14685 -1159 54693 51015 4657 23543 9088 36073 -30983 -10476 18813 24012 21668 10512 -22606 -1118 -10472 33116 20214 -22260 -3814 -16189 13543 -19857 31309 -4120 20819 11847 -25241 27419 -21413 -3019 
-1312 36512 -20578 -2164 16309 52682 65977 -3706 18060 8594 2536 -758 22679 -22330 -11551 4743 9828 -9573 -6949 14185 -5849 21447 -22975 36466 -17945 -16167 -4621 -3615 -35987 13208 -39225 -3117 -13368 5996 -28340 24361 -10330 14937 -12036 32790 22783 -39150 48876 7618 2363 -23739 43772 -5463 -22222 14061 
-40508 3667 -1086 -5563 17864 33540 11639 5615 3608 -12860 16654 13926 -2489 -10999 23104 -8171 31288 2063 -30511 -1601 -39702 11182 11127 43534 -1848 21452 -42118 15305 -14209 10102 20109 -15169 10145 5750 -11117 4416 -3206 11079 -2335 26482 10157 19537 -6618 -1877 17984 13520 9968 24700 48089 31872 
6731 17250 -5992 -7908 12160 -8237 5852 19874 13066 -45337 30263 -5506 -39258 2902 -11275 -7392 75665 13455 8485 29222 5139 28261 54986 -19056 6047 11705 -25877 4954 -33336 -1407 1358 3675 24476 3944 10358 20826 -8725 14037 9057 -10272 11385 12059 19063 -39763 -4172 -14492 -1799 31830 134 -10901 
19354 39405 19016 -7933 -20012 7537 10878 31793 6010 17412 -36396 9469 -42854 29349 -22894 1863 -37016 42297 -19017 -41306 -29835 6894 -4651 -41056 29683 10209 15593 -18310 33126 1394 -14449 2262 20515 -31031 3181 5676 -17381 11953 -51581 -23996 -21975 18460 -8750 52730 -5130 -39498 36461 -27709 43487 -1712 
-42958 -21637 2026 14500 36589 -45851 -36870 -15451 -27290 25711 -10537 34945 22998 -3653 9406 -8734 53470 -16471 -14008 13760 -16908 -8739 -9180 39352 51 -5113 1963 -17176 15785 29909 -5861 -2229 -699 -14507 -16111 5101 14854 -2225 -35133 15099 21371 -5144 -6586 10308 18059 14494 31151 -30107 -16133 -15637 
92 23191 27 19328 8885 -3959 11009 10184 -25251 -34548 -40562 39254 -6581 -5244 14367 -35605 -741 -2322 25435 820 22991 -2807 -17303 -1777 -24745 -43121 18509 -34135 -38475 29188 -12896 14806 29253 -20103 -36472 13838 -24215 31869 11884 5520 22895 -15799 -7169 -30449 7088 -19386 24772 -37731 -31372 -13839 
